radius:18.0
size:80^70
path:japan_korea_80x70.txt
+data:
122.0,3,39,60	136.0,3,39,60	139.0,3,39,60	176.0,3,39,59	276.0,3,38,59	229.0,3,38,59	367.0,3,37,58	276.0,3,38,59	281.0,3,38,59	274.0,3,38,59	351.0,3,37,58	385.0,3,37,58	327.0,3,37,58	407.0,3,36,58	373.0,3,37,58	345.0,3,37,58	372.0,3,37,58	354.0,3,37,58	341.0,3,37,58	328.0,3,37,58	422.0,3,36,58	322.0,3,37,58	309.0,3,37,58	308.0,3,37,58	259.0,3,38,59	326.0,3,37,58	357.0,3,37,58	557.0,4,35,57	517.0,4,35,57	535.0,4,35,57	737.0,4,33,56	737.0,4,33,56	582.0,4,35,57	664.0,4,34,56	868.0,4,32,55	738.0,4,33,56	871.0,4,32,55	650.0,4,34,56	666.0,4,34,56	674.0,4,34,56	602.0,4,34,56	622.0,4,34,56	602.0,4,34,56	534.0,4,35,57	446.0,3,36,58	531.0,4,35,57	344.0,3,37,58	392.0,3,37,58	255.0,3,38,59	256.0,3,38,59	95.0,3,40,60	89.0,3,40,60	142.0,3,39,60	127.0,3,39,60	485.0,3,36,57	390.0,3,37,58	172.0,3,39,59	307.0,3,37,58	213.0,3,38,59	553.0,4,35,57	205.0,3,38,59	330.0,3,37,58	408.0,3,36,58	143.0,3,39,60	107.0,3,39,60	0.0,3,40,60	0.0,3,40,60	-2.0,3,40,60	0.0,3,40,60	0.0,3,40,60
142.0,3,39,60	150.0,3,39,59	222.0,3,38,59	229.0,3,38,59	207.0,3,38,59	464.0,3,36,57	289.0,3,38,59	284.0,3,38,59	307.0,3,37,58	293.0,3,38,59	284.0,3,38,59	383.0,3,37,58	295.0,3,38,59	396.0,3,37,58	391.0,3,37,58	328.0,3,37,58	344.0,3,37,58	361.0,3,37,58	431.0,3,36,58	331.0,3,37,58	349.0,3,37,58	321.0,3,37,58	326.0,3,37,58	341.0,3,37,58	369.0,3,37,58	381.0,3,37,58	518.0,4,35,57	409.0,3,36,58	406.0,3,36,58	451.0,3,36,57	584.0,4,35,57	617.0,4,34,56	789.0,4,33,55	714.0,4,33,56	654.0,4,34,56	734.0,4,33,56	681.0,4,34,56	561.0,4,35,57	679.0,4,34,56	758.0,4,33,55	650.0,4,34,56	812.0,4,32,55	709.0,4,33,56	663.0,4,34,56	487.0,3,36,57	257.0,3,38,59	205.0,3,38,59	197.0,3,39,59	281.0,3,38,59	519.0,4,35,57	226.0,3,38,59	367.0,3,37,58	305.0,3,37,58	305.0,3,37,58	33.0,3,40,60	42.0,3,40,60	75.0,3,40,60	198.0,3,39,59	394.0,3,37,58	456.0,3,36,57	336.0,3,37,58	223.0,3,38,59	115.0,3,39,60	76.0,3,40,60	76.0,3,40,60	0.0,3,40,60	0.0,3,40,60	0.0,3,40,60	0.0,3,40,60	0.0,3,40,60
139.0,3,39,60	147.0,3,39,60	235.0,3,38,59	190.0,3,39,59	263.0,3,38,59	220.0,3,38,59	229.0,3,38,59	249.0,3,38,59	264.0,3,38,59	327.0,3,37,58	357.0,3,37,58	352.0,3,37,58	371.0,3,37,58	372.0,3,37,58	390.0,3,37,58	353.0,3,37,58	312.0,3,37,58	358.0,3,37,58	315.0,3,37,58	289.0,3,38,59	315.0,3,37,58	340.0,3,37,58	340.0,3,37,58	671.0,4,34,56	585.0,4,35,57	511.0,4,35,57	512.0,4,35,57	470.0,3,36,57	512.0,4,35,57	502.0,4,35,57	667.0,4,34,56	611.0,4,34,56	1053.0,5,30,53	545.0,4,35,57	670.0,4,34,56	692.0,4,34,56	594.0,4,35,57	585.0,4,35,57	760.0,4,33,55	1072.0,5,30,53	1112.0,5,29,53	824.0,4,32,55	537.0,4,35,57	845.0,4,32,55	379.0,3,37,58	286.0,3,38,59	259.0,3,38,59	298.0,3,38,59	381.0,3,37,58	369.0,3,37,58	220.0,3,38,59	257.0,3,38,59	626.0,4,34,56	172.0,3,39,59	23.0,3,40,60	152.0,3,39,59	65.0,3,40,60	66.0,3,40,60	77.0,3,40,60	165.0,3,39,59	20.0,3,40,60	32.0,3,40,60	294.0,3,38,59	0.0,3,40,60	0.0,3,40,60	0.0,3,40,60	0.0,3,40,60	0.0,3,40,60	0.0,3,40,60	0.0,3,40,60
95.0,3,40,60	97.0,3,40,60	155.0,3,39,59	289.0,3,38,59	222.0,3,38,59	260.0,3,38,59	414.0,3,36,58	344.0,3,37,58	355.0,3,37,58	443.0,3,36,58	410.0,3,36,58	365.0,3,37,58	367.0,3,37,58	334.0,3,37,58	338.0,3,37,58	346.0,3,37,58	310.0,3,37,58	328.0,3,37,58	300.0,3,37,58	343.0,3,37,58	407.0,3,36,58	428.0,3,36,58	383.0,3,37,58	643.0,4,34,56	644.0,4,34,56	554.0,4,35,57	561.0,4,35,57	404.0,3,36,58	544.0,4,35,57	513.0,4,35,57	404.0,3,36,58	605.0,4,34,56	936.0,4,31,54	781.0,4,33,55	629.0,4,34,56	615.0,4,34,56	675.0,4,34,56	628.0,4,34,56	778.0,4,33,55	898.0,4,32,55	1284.0,5,28,52	956.0,4,31,54	835.0,4,32,55	569.0,4,35,57	443.0,3,36,58	690.0,4,34,56	696.0,4,34,56	897.0,4,32,55	471.0,3,36,57	859.0,4,32,55	378.0,3,37,58	619.0,4,34,56	333.0,3,37,58	294.0,3,38,59	86.0,3,40,60	59.0,3,40,60	5.0,3,40,60	17.0,3,40,60	12.0,3,40,60	0.0,3,40,60	0.0,3,40,60	0.0,3,40,60	77.0,3,40,60	0.0,3,40,60	0.0,3,40,60	0.0,3,40,60	0.0,3,40,60	0.0,3,40,60	0.0,3,40,60	0.0,3,40,60
102.0,3,39,60	163.0,3,39,59	172.0,3,39,59	170.0,3,39,59	211.0,3,38,59	284.0,3,38,59	492.0,3,36,57	452.0,3,36,57	580.0,4,35,57	371.0,3,37,58	508.0,4,35,57	478.0,3,36,57	381.0,3,37,58	354.0,3,37,58	350.0,3,37,58	358.0,3,37,58	322.0,3,37,58	335.0,3,37,58	327.0,3,37,58	380.0,3,37,58	391.0,3,37,58	482.0,3,36,57	715.0,4,33,56	684.0,4,34,56	635.0,4,34,56	663.0,4,34,56	580.0,4,35,57	614.0,4,34,56	607.0,4,34,56	627.0,4,34,56	687.0,4,34,56	727.0,4,33,56	850.0,4,32,55	730.0,4,33,56	758.0,4,33,55	658.0,4,34,56	646.0,4,34,56	647.0,4,34,56	724.0,4,33,56	796.0,4,33,55	1394.0,5,27,51	1349.0,5,27,52	1070.0,5,30,53	521.0,4,35,57	870.0,4,32,55	611.0,4,34,56	707.0,4,33,56	558.0,4,35,57	729.0,4,33,56	540.0,4,35,57	340.0,3,37,58	355.0,3,37,58	211.0,3,38,59	446.0,3,36,58	132.0,3,39,60	62.0,3,40,60	115.0,3,39,60	18.0,3,40,60	1.0,3,40,60	64.0,3,40,60	0.0,3,40,60	0.0,3,40,60	0.0,3,40,60	0.0,3,40,60	0.0,3,40,60	0.0,3,40,60	0.0,3,40,60	0.0,3,40,60	0.0,3,40,60	0.0,3,40,60
93.0,3,40,60	172.0,3,39,59	210.0,3,38,59	472.0,3,36,57	361.0,3,37,58	210.0,3,38,59	187.0,3,39,59	244.0,3,38,59	234.0,3,38,59	421.0,3,36,58	656.0,4,34,56	447.0,3,36,58	373.0,3,37,58	354.0,3,37,58	379.0,3,37,58	370.0,3,37,58	399.0,3,37,58	458.0,3,36,57	360.0,3,37,58	412.0,3,36,58	473.0,3,36,57	702.0,4,33,56	734.0,4,33,56	776.0,4,33,55	555.0,4,35,57	595.0,4,35,57	555.0,4,35,57	902.0,4,31,54	591.0,4,35,57	654.0,4,34,56	749.0,4,33,56	832.0,4,32,55	931.0,4,31,54	1015.0,5,30,54	900.0,4,31,54	813.0,4,32,55	780.0,4,33,55	820.0,4,32,55	797.0,4,33,55	896.0,4,32,55	1070.0,5,30,53	967.0,4,31,54	1319.0,5,27,52	887.0,4,32,55	654.0,4,34,56	574.0,4,35,57	923.0,4,31,54	557.0,4,35,57	403.0,3,36,58	419.0,3,36,58	286.0,3,38,59	680.0,4,34,56	267.0,3,38,59	339.0,3,37,58	399.0,3,37,58	48.0,3,40,60	170.0,3,39,59	13.0,3,40,60	4.0,3,40,60	0.0,3,40,60	0.0,3,40,60	0.0,3,40,60	0.0,3,40,60	0.0,3,40,60	0.0,3,40,60	0.0,3,40,60	0.0,3,40,60	0.0,3,40,60	0.0,3,40,60	0.0,3,40,60
119.0,3,39,60	230.0,3,38,59	142.0,3,39,60	248.0,3,38,59	323.0,3,37,58	325.0,3,37,58	319.0,3,37,58	445.0,3,36,58	658.0,4,34,56	452.0,3,36,57	363.0,3,37,58	500.0,4,35,57	430.0,3,36,58	447.0,3,36,58	469.0,3,36,57	488.0,3,36,57	516.0,4,35,57	410.0,3,36,58	376.0,3,37,58	406.0,3,36,58	557.0,4,35,57	952.0,4,31,54	913.0,4,31,54	969.0,4,31,54	776.0,4,33,55	812.0,4,32,55	697.0,4,34,56	697.0,4,34,56	460.0,3,36,57	840.0,4,32,55	739.0,4,33,56	818.0,4,32,55	822.0,4,32,55	1012.0,5,30,54	986.0,4,31,54	992.0,4,31,54	1017.0,5,30,54	934.0,4,31,54	1095.0,5,30,53	903.0,4,31,54	903.0,4,31,54	770.0,4,33,55	1027.0,5,30,54	1087.0,5,30,53	998.0,4,31,54	591.0,4,35,57	788.0,4,33,55	1104.0,5,29,53	884.0,4,32,55	760.0,4,33,55	697.0,4,34,56	580.0,4,35,57	366.0,3,37,58	124.0,3,39,60	235.0,3,38,59	0.0,3,40,60	0.0,3,40,60	0.0,3,40,60	0.0,3,40,60	0.0,3,40,60	0.0,3,40,60	0.0,3,40,60	0.0,3,40,60	0.0,3,40,60	0.0,3,40,60	0.0,3,40,60	0.0,3,40,60	0.0,3,40,60	0.0,3,40,60	0.0,3,40,60
329.0,3,37,58	232.0,3,38,59	261.0,3,38,59	254.0,3,38,59	503.0,4,35,57	585.0,4,35,57	449.0,3,36,58	428.0,3,36,58	385.0,3,37,58	497.0,3,36,57	488.0,3,36,57	404.0,3,36,58	555.0,4,35,57	505.0,4,35,57	590.0,4,35,57	427.0,3,36,58	389.0,3,37,58	520.0,4,35,57	616.0,4,34,56	844.0,4,32,55	953.0,4,31,54	1021.0,5,30,54	827.0,4,32,55	876.0,4,32,55	835.0,4,32,55	1013.0,5,30,54	929.0,4,31,54	641.0,4,34,56	738.0,4,33,56	753.0,4,33,55	825.0,4,32,55	831.0,4,32,55	891.0,4,32,55	1021.0,5,30,54	1305.0,5,27,52	1454.0,5,26,51	1368.0,5,27,51	1267.0,5,28,52	1224.0,5,28,52	1255.0,5,28,52	1034.0,5,30,54	1119.0,5,29,53	912.0,4,31,54	808.0,4,32,55	805.0,4,32,55	1138.0,5,29,53	969.0,4,31,54	915.0,4,31,54	694.0,4,34,56	424.0,3,36,58	342.0,3,37,58	217.0,3,38,59	43.0,3,40,60	14.0,3,40,60	0.0,3,40,60	0.0,3,40,60	0.0,3,40,60	0.0,3,40,60	0.0,3,40,60	0.0,3,40,60	0.0,3,40,60	0.0,3,40,60	0.0,3,40,60	0.0,3,40,60	0.0,3,40,60	0.0,3,40,60	0.0,3,40,60	0.0,3,40,60	0.0,3,40,60	0.0,3,40,60
294.0,3,38,59	211.0,3,38,59	224.0,3,38,59	266.0,3,38,59	220.0,3,38,59	214.0,3,38,59	219.0,3,38,59	406.0,3,36,58	502.0,4,35,57	427.0,3,36,58	600.0,4,34,56	861.0,4,32,55	498.0,3,36,57	662.0,4,34,56	543.0,4,35,57	500.0,4,35,57	929.0,4,31,54	605.0,4,34,56	736.0,4,33,56	858.0,4,32,55	803.0,4,32,55	575.0,4,35,57	653.0,4,34,56	670.0,4,34,56	868.0,4,32,55	744.0,4,33,56	830.0,4,32,55	951.0,4,31,54	767.0,4,33,55	891.0,4,32,55	942.0,4,31,54	867.0,4,32,55	955.0,4,31,54	1131.0,5,29,53	1590.0,5,25,50	2188.0,5,19,46	1992.0,5,21,47	1522.0,5,25,50	1313.0,5,27,52	1171.0,5,29,53	1143.0,5,29,53	985.0,4,31,54	953.0,4,31,54	1004.0,5,30,54	818.0,4,32,55	1143.0,5,29,53	1111.0,5,29,53	940.0,4,31,54	761.0,4,33,55	468.0,3,36,57	480.0,3,36,57	18.0,3,40,60	0.0,3,40,60	0.0,3,40,60	0.0,3,40,60	0.0,3,40,60	0.0,3,40,60	0.0,3,40,60	0.0,3,40,60	0.0,3,40,60	0.0,3,40,60	0.0,3,40,60	0.0,3,40,60	0.0,3,40,60	0.0,3,40,60	0.0,3,40,60	0.0,3,40,60	0.0,3,40,60	0.0,3,40,60	0.0,3,40,60
96.0,3,40,60	162.0,3,39,59	186.0,3,39,59	240.0,3,38,59	260.0,3,38,59	502.0,4,35,57	587.0,4,35,57	660.0,4,34,56	581.0,4,35,57	742.0,4,33,56	572.0,4,35,57	499.0,3,36,57	619.0,4,34,56	764.0,4,33,55	742.0,4,33,56	573.0,4,35,57	631.0,4,34,56	479.0,3,36,57	595.0,4,35,57	513.0,4,35,57	502.0,4,35,57	652.0,4,34,56	656.0,4,34,56	1344.0,5,27,52	1007.0,5,30,54	595.0,4,35,57	907.0,4,31,54	875.0,4,32,55	833.0,4,32,55	825.0,4,32,55	872.0,4,32,55	918.0,4,31,54	964.0,4,31,54	1088.0,5,30,53	1409.0,5,26,51	1720.0,5,23,49	1731.0,5,23,49	1425.0,5,26,51	1370.0,5,27,51	1351.0,5,27,51	1172.0,5,29,53	1097.0,5,30,53	883.0,4,32,55	978.0,4,31,54	1073.0,5,30,53	1299.0,5,28,52	1428.0,5,26,51	999.0,4,31,54	780.0,4,33,55	125.0,3,39,60	207.0,3,38,59	0.0,3,40,60	0.0,3,40,60	0.0,3,40,60	0.0,3,40,60	0.0,3,40,60	0.0,3,40,60	0.0,3,40,60	0.0,3,40,60	0.0,3,40,60	0.0,3,40,60	0.0,3,40,60	0.0,3,40,60	0.0,3,40,60	0.0,3,40,60	0.0,3,40,60	0.0,3,40,60	0.0,3,40,60	0.0,3,40,60	0.0,3,40,60
177.0,3,39,59	254.0,3,38,59	307.0,3,37,58	395.0,3,37,58	280.0,3,38,59	465.0,3,36,57	253.0,3,38,59	434.0,3,36,58	356.0,3,37,58	407.0,3,36,58	475.0,3,36,57	473.0,3,36,57	443.0,3,36,58	669.0,4,34,56	577.0,4,35,57	765.0,4,33,55	557.0,4,35,57	419.0,3,36,58	600.0,4,34,56	497.0,3,36,57	878.0,4,32,55	782.0,4,33,55	730.0,4,33,56	464.0,3,36,57	404.0,3,36,58	504.0,4,35,57	545.0,4,35,57	816.0,4,32,55	837.0,4,32,55	883.0,4,32,55	896.0,4,32,55	939.0,4,31,54	1157.0,5,29,53	1502.0,5,25,50	1703.0,5,23,49	1368.0,5,27,51	1326.0,5,27,52	1261.0,5,28,52	2253.0,5,18,45	1585.0,5,25,50	1220.0,5,28,52	1116.0,5,29,53	1351.0,5,27,51	1057.0,5,30,53	1829.0,5,22,48	1769.0,5,23,49	1186.0,5,29,53	784.0,4,33,55	377.0,3,37,58	118.0,3,39,60	0.0,3,40,60	0.0,3,40,60	0.0,3,40,60	0.0,3,40,60	0.0,3,40,60	0.0,3,40,60	0.0,3,40,60	0.0,3,40,60	0.0,3,40,60	0.0,3,40,60	0.0,3,40,60	0.0,3,40,60	0.0,3,40,60	0.0,3,40,60	0.0,3,40,60	0.0,3,40,60	0.0,3,40,60	0.0,3,40,60	0.0,3,40,60	0.0,3,40,60
224.0,3,38,59	266.0,3,38,59	430.0,3,36,58	402.0,3,36,58	844.0,4,32,55	467.0,3,36,57	607.0,4,34,56	460.0,3,36,57	348.0,3,37,58	746.0,4,33,56	508.0,4,35,57	634.0,4,34,56	526.0,4,35,57	597.0,4,35,57	660.0,4,34,56	527.0,4,35,57	461.0,3,36,57	566.0,4,35,57	774.0,4,33,55	671.0,4,34,56	629.0,4,34,56	1076.0,5,30,53	484.0,3,36,57	979.0,4,31,54	764.0,4,33,55	984.0,4,31,54	950.0,4,31,54	442.0,3,36,58	677.0,4,34,56	583.0,4,35,57	880.0,4,32,55	944.0,4,31,54	1088.0,5,30,53	1337.0,5,27,52	1376.0,5,27,51	1116.0,5,29,53	1181.0,5,29,53	947.0,4,31,54	1257.0,5,28,52	1201.0,5,28,52	1636.0,5,24,50	1594.0,5,25,50	1619.0,5,24,50	1692.0,5,24,49	1852.0,5,22,48	1839.0,5,22,48	707.0,4,33,56	549.0,4,35,57	113.0,3,39,60	3.0,3,40,60	0.0,3,40,60	0.0,3,40,60	0.0,3,40,60	0.0,3,40,60	0.0,3,40,60	0.0,3,40,60	0.0,3,40,60	0.0,3,40,60	0.0,3,40,60	0.0,3,40,60	0.0,3,40,60	0.0,3,40,60	0.0,3,40,60	0.0,3,40,60	0.0,3,40,60	0.0,3,40,60	0.0,3,40,60	0.0,3,40,60	0.0,3,40,60	0.0,3,40,60
484.0,3,36,57	407.0,3,36,58	291.0,3,38,59	394.0,3,37,58	543.0,4,35,57	585.0,4,35,57	494.0,3,36,57	505.0,4,35,57	611.0,4,34,56	636.0,4,34,56	601.0,4,34,56	543.0,4,35,57	342.0,3,37,58	591.0,4,35,57	417.0,3,36,58	360.0,3,37,58	418.0,3,36,58	642.0,4,34,56	625.0,4,34,56	925.0,4,31,54	602.0,4,34,56	527.0,4,35,57	417.0,3,36,58	509.0,4,35,57	650.0,4,34,56	948.0,4,31,54	632.0,4,34,56	872.0,4,32,55	484.0,3,36,57	472.0,3,36,57	522.0,4,35,57	993.0,4,31,54	1053.0,5,30,53	847.0,4,32,55	683.0,4,34,56	1112.0,5,29,53	1085.0,5,30,53	1073.0,5,30,53	1060.0,5,30,53	1413.0,5,26,51	1700.0,5,23,49	1256.0,5,28,52	1600.0,5,24,50	2044.0,5,20,47	1406.0,5,26,51	1045.0,5,30,54	1248.0,5,28,52	566.0,4,35,57	60.0,3,40,60	0.0,3,40,60	0.0,3,40,60	0.0,3,40,60	0.0,3,40,60	0.0,3,40,60	0.0,3,40,60	0.0,3,40,60	0.0,3,40,60	0.0,3,40,60	0.0,3,40,60	0.0,3,40,60	0.0,3,40,60	0.0,3,40,60	0.0,3,40,60	0.0,3,40,60	0.0,3,40,60	0.0,3,40,60	0.0,3,40,60	0.0,3,40,60	0.0,3,40,60	0.0,3,40,60
159.0,3,39,59	411.0,3,36,58	298.0,3,38,59	290.0,3,38,59	291.0,3,38,59	563.0,4,35,57	709.0,4,33,56	482.0,3,36,57	547.0,4,35,57	665.0,4,34,56	305.0,3,37,58	515.0,4,35,57	384.0,3,37,58	532.0,4,35,57	298.0,3,38,59	419.0,3,36,58	541.0,4,35,57	686.0,4,34,56	908.0,4,31,54	943.0,4,31,54	988.0,4,31,54	209.0,3,38,59	336.0,3,37,58	695.0,4,34,56	837.0,4,32,55	937.0,4,31,54	827.0,4,32,55	1300.0,5,27,52	959.0,4,31,54	1082.0,5,30,53	802.0,4,32,55	1138.0,5,29,53	1364.0,5,27,51	1164.0,5,29,53	1067.0,5,30,53	1084.0,5,30,53	948.0,4,31,54	933.0,4,31,54	997.0,4,31,54	1619.0,5,24,50	1467.0,5,26,51	1673.0,5,24,49	1445.0,5,26,51	2070.0,5,20,47	1356.0,5,27,51	1087.0,5,30,53	602.0,4,34,56	383.0,3,37,58	133.0,3,39,60	9.0,3,40,60	0.0,3,40,60	0.0,3,40,60	0.0,3,40,60	0.0,3,40,60	0.0,3,40,60	0.0,3,40,60	0.0,3,40,60	0.0,3,40,60	0.0,3,40,60	0.0,3,40,60	0.0,3,40,60	0.0,3,40,60	0.0,3,40,60	0.0,3,40,60	0.0,3,40,60	0.0,3,40,60	0.0,3,40,60	0.0,3,40,60	0.0,3,40,60	0.0,3,40,60
694.0,4,34,56	247.0,3,38,59	535.0,4,35,57	467.0,3,36,57	290.0,3,38,59	386.0,3,37,58	809.0,4,32,55	641.0,4,34,56	460.0,3,36,57	1173.0,5,29,53	405.0,3,36,58	522.0,4,35,57	437.0,3,36,58	431.0,3,36,58	458.0,3,36,57	547.0,4,35,57	575.0,4,35,57	827.0,4,32,55	740.0,4,33,56	452.0,3,36,57	188.0,3,39,59	755.0,4,33,55	472.0,3,36,57	941.0,4,31,54	1006.0,5,30,54	1015.0,5,30,54	1133.0,5,29,53	1464.0,5,26,51	1136.0,5,29,53	1835.0,5,22,48	942.0,4,31,54	1293.0,5,28,52	956.0,4,31,54	1462.0,5,26,51	1080.0,5,30,53	1186.0,5,29,53	898.0,4,32,55	976.0,4,31,54	1337.0,5,27,52	1369.0,5,27,51	1552.0,5,25,50	1742.0,5,23,49	1655.0,5,24,49	1921.0,5,21,48	848.0,4,32,55	1211.0,5,28,52	865.0,4,32,55	119.0,3,39,60	62.0,3,40,60	382.0,3,37,58	0.0,3,40,60	0.0,3,40,60	0.0,3,40,60	0.0,3,40,60	0.0,3,40,60	0.0,3,40,60	0.0,3,40,60	0.0,3,40,60	0.0,3,40,60	0.0,3,40,60	0.0,3,40,60	0.0,3,40,60	0.0,3,40,60	0.0,3,40,60	0.0,3,40,60	0.0,3,40,60	0.0,3,40,60	0.0,3,40,60	0.0,3,40,60	0.0,3,40,60
408.0,3,36,58	703.0,4,33,56	609.0,4,34,56	398.0,3,37,58	504.0,4,35,57	910.0,4,31,54	622.0,4,34,56	523.0,4,35,57	560.0,4,35,57	629.0,4,34,56	1006.0,5,30,54	196.0,3,39,59	350.0,3,37,58	238.0,3,38,59	375.0,3,37,58	570.0,4,35,57	548.0,4,35,57	686.0,4,34,56	775.0,4,33,55	497.0,3,36,57	439.0,3,36,58	438.0,3,36,58	692.0,4,34,56	636.0,4,34,56	764.0,4,33,55	976.0,4,31,54	984.0,4,31,54	1612.0,5,24,50	1767.0,5,23,49	1806.0,5,22,48	1002.0,5,30,54	1182.0,5,29,53	1154.0,5,29,53	1902.0,5,21,48	1631.0,5,24,50	1182.0,5,29,53	1069.0,5,30,53	918.0,4,31,54	1263.0,5,28,52	1672.0,5,24,49	1640.0,5,24,50	1202.0,5,28,52	1473.0,5,26,51	1786.0,5,23,49	1173.0,5,29,53	531.0,4,35,57	389.0,3,37,58	475.0,3,36,57	823.0,4,32,55	234.0,3,38,59	0.0,3,40,60	0.0,3,40,60	0.0,3,40,60	0.0,3,40,60	0.0,3,40,60	0.0,3,40,60	0.0,3,40,60	0.0,3,40,60	0.0,3,40,60	0.0,3,40,60	0.0,3,40,60	0.0,3,40,60	0.0,3,40,60	0.0,3,40,60	0.0,3,40,60	0.0,3,40,60	0.0,3,40,60	0.0,3,40,60	0.0,3,40,60	0.0,3,40,60
286.0,3,38,59	324.0,3,37,58	348.0,3,37,58	492.0,3,36,57	437.0,3,36,58	362.0,3,37,58	348.0,3,37,58	416.0,3,36,58	363.0,3,37,58	440.0,3,36,58	251.0,3,38,59	239.0,3,38,59	285.0,3,38,59	220.0,3,38,59	649.0,4,34,56	380.0,3,37,58	334.0,3,37,58	417.0,3,36,58	521.0,4,35,57	368.0,3,37,58	464.0,3,36,57	586.0,4,35,57	484.0,3,36,57	377.0,3,37,58	695.0,4,34,56	1223.0,5,28,52	1460.0,5,26,51	999.0,4,31,54	1274.0,5,28,52	1344.0,5,27,52	1197.0,5,29,53	1071.0,5,30,53	2064.0,5,20,47	2062.0,5,20,47	1325.0,5,27,52	1158.0,5,29,53	1079.0,5,30,53	1008.0,5,30,54	1844.0,5,22,48	1334.0,5,27,52	1250.0,5,28,52	1526.0,5,25,50	920.0,4,31,54	1277.0,5,28,52	772.0,4,33,55	236.0,3,38,59	158.0,3,39,59	343.0,3,37,58	761.0,4,33,55	439.0,3,36,58	0.0,3,40,60	0.0,3,40,60	0.0,3,40,60	0.0,3,40,60	0.0,3,40,60	0.0,3,40,60	0.0,3,40,60	0.0,3,40,60	0.0,3,40,60	0.0,3,40,60	0.0,3,40,60	0.0,3,40,60	0.0,3,40,60	0.0,3,40,60	0.0,3,40,60	0.0,3,40,60	0.0,3,40,60	0.0,3,40,60	0.0,3,40,60	0.0,3,40,60
332.0,3,37,58	426.0,3,36,58	467.0,3,36,57	422.0,3,36,58	325.0,3,37,58	197.0,3,39,59	603.0,4,34,56	470.0,3,36,57	577.0,4,35,57	375.0,3,37,58	423.0,3,36,58	348.0,3,37,58	561.0,4,35,57	255.0,3,38,59	326.0,3,37,58	262.0,3,38,59	393.0,3,37,58	477.0,3,36,57	523.0,4,35,57	814.0,4,32,55	576.0,4,35,57	763.0,4,33,55	538.0,4,35,57	1029.0,5,30,54	1034.0,5,30,54	1431.0,5,26,51	1642.0,5,24,50	1584.0,5,25,50	1191.0,5,29,53	967.0,4,31,54	1228.0,5,28,52	1832.0,5,22,48	1451.0,5,26,51	1651.0,5,24,49	1334.0,5,27,52	1311.0,5,27,52	1408.0,5,26,51	1354.0,5,27,51	1465.0,5,26,51	870.0,4,32,55	1403.0,5,26,51	1240.0,5,28,52	626.0,4,34,56	898.0,4,32,55	545.0,4,35,57	139.0,3,39,60	194.0,3,39,59	111.0,3,39,60	24.0,3,40,60	39.0,3,40,60	0.0,3,40,60	0.0,3,40,60	0.0,3,40,60	0.0,3,40,60	0.0,3,40,60	0.0,3,40,60	0.0,3,40,60	0.0,3,40,60	0.0,3,40,60	0.0,3,40,60	0.0,3,40,60	0.0,3,40,60	0.0,3,40,60	0.0,3,40,60	0.0,3,40,60	0.0,3,40,60	0.0,3,40,60	0.0,3,40,60	0.0,3,40,60	0.0,3,40,60
408.0,3,36,58	133.0,3,39,60	164.0,3,39,59	295.0,3,38,59	427.0,3,36,58	250.0,3,38,59	303.0,3,37,58	279.0,3,38,59	443.0,3,36,58	537.0,4,35,57	327.0,3,37,58	264.0,3,38,59	272.0,3,38,59	97.0,3,40,60	293.0,3,38,59	613.0,4,34,56	651.0,4,34,56	502.0,4,35,57	817.0,4,32,55	977.0,4,31,54	725.0,4,33,56	945.0,4,31,54	909.0,4,31,54	1028.0,5,30,54	1442.0,5,26,51	1104.0,5,29,53	1691.0,5,24,49	1190.0,5,29,53	1010.0,5,30,54	1638.0,5,24,50	1791.0,5,23,49	1639.0,5,24,50	1971.0,5,21,47	2037.0,5,20,47	1651.0,5,24,49	1446.0,5,26,51	1449.0,5,26,51	1217.0,5,28,52	1276.0,5,28,52	590.0,4,35,57	1207.0,5,28,52	851.0,4,32,55	444.0,3,36,58	879.0,4,32,55	297.0,3,38,59	3.0,3,40,60	0.0,3,40,60	0.0,3,40,60	0.0,3,40,60	0.0,3,40,60	0.0,3,40,60	0.0,3,40,60	0.0,3,40,60	0.0,3,40,60	0.0,3,40,60	0.0,3,40,60	0.0,3,40,60	0.0,3,40,60	0.0,3,40,60	0.0,3,40,60	0.0,3,40,60	0.0,3,40,60	0.0,3,40,60	0.0,3,40,60	0.0,3,40,60	0.0,3,40,60	0.0,3,40,60	0.0,3,40,60	0.0,3,40,60	0.0,3,40,60
161.0,3,39,59	254.0,3,38,59	89.0,3,40,60	292.0,3,38,59	414.0,3,36,58	165.0,3,39,59	279.0,3,38,59	176.0,3,39,59	129.0,3,39,60	112.0,3,39,60	80.0,3,40,60	367.0,3,37,58	376.0,3,37,58	431.0,3,36,58	418.0,3,36,58	399.0,3,37,58	804.0,4,32,55	557.0,4,35,57	677.0,4,34,56	1385.0,5,27,51	1008.0,5,30,54	474.0,3,36,57	571.0,4,35,57	1070.0,5,30,53	713.0,4,33,56	924.0,4,31,54	1709.0,5,23,49	1421.0,5,26,51	1274.0,5,28,52	1616.0,5,24,50	1861.0,5,22,48	1523.0,5,25,50	1885.0,5,22,48	1952.0,5,21,47	1428.0,5,26,51	1425.0,5,26,51	1207.0,5,28,52	695.0,4,34,56	948.0,4,31,54	967.0,4,31,54	927.0,4,31,54	232.0,3,38,59	494.0,3,36,57	81.0,3,40,60	191.0,3,39,59	0.0,3,40,60	0.0,3,40,60	0.0,3,40,60	0.0,3,40,60	0.0,3,40,60	0.0,3,40,60	0.0,3,40,60	0.0,3,40,60	0.0,3,40,60	0.0,3,40,60	0.0,3,40,60	0.0,3,40,60	0.0,3,40,60	0.0,3,40,60	0.0,3,40,60	0.0,3,40,60	0.0,3,40,60	0.0,3,40,60	0.0,3,40,60	0.0,3,40,60	0.0,3,40,60	0.0,3,40,60	0.0,3,40,60	0.0,3,40,60	0.0,3,40,60
193.0,3,39,59	58.0,3,40,60	75.0,3,40,60	109.0,3,39,60	212.0,3,38,59	322.0,3,37,58	190.0,3,39,59	142.0,3,39,60	113.0,3,39,60	80.0,3,40,60	603.0,4,34,56	482.0,3,36,57	816.0,4,32,55	770.0,4,33,55	524.0,4,35,57	693.0,4,34,56	278.0,3,38,59	1360.0,5,27,51	749.0,4,33,56	1137.0,5,29,53	716.0,4,33,56	1261.0,5,28,52	1380.0,5,27,51	917.0,4,31,54	933.0,4,31,54	1140.0,5,29,53	1628.0,5,24,50	1148.0,5,29,53	1051.0,5,30,53	1676.0,5,24,49	1836.0,5,22,48	1412.0,5,26,51	1627.0,5,24,50	1438.0,5,26,51	1448.0,5,26,51	1352.0,5,27,51	698.0,4,34,56	253.0,3,38,59	580.0,4,35,57	413.0,3,36,58	342.0,3,37,58	138.0,3,39,60	7.0,3,40,60	51.0,3,40,60	0.0,3,40,60	0.0,3,40,60	0.0,3,40,60	0.0,3,40,60	0.0,3,40,60	0.0,3,40,60	0.0,3,40,60	0.0,3,40,60	0.0,3,40,60	0.0,3,40,60	0.0,3,40,60	0.0,3,40,60	0.0,3,40,60	0.0,3,40,60	0.0,3,40,60	0.0,3,40,60	0.0,3,40,60	0.0,3,40,60	0.0,3,40,60	0.0,3,40,60	0.0,3,40,60	0.0,3,40,60	0.0,3,40,60	0.0,3,40,60	0.0,3,40,60	0.0,3,40,60
223.0,3,38,59	60.0,3,40,60	52.0,3,40,60	85.0,3,40,60	109.0,3,39,60	124.0,3,39,60	55.0,3,40,60	346.0,3,37,58	305.0,3,37,58	300.0,3,37,58	552.0,4,35,57	685.0,4,34,56	524.0,4,35,57	599.0,4,35,57	744.0,4,33,56	405.0,3,36,58	472.0,3,36,57	670.0,4,34,56	832.0,4,32,55	659.0,4,34,56	396.0,3,37,58	495.0,3,36,57	668.0,4,34,56	637.0,4,34,56	1407.0,5,26,51	1559.0,5,25,50	1553.0,5,25,50	1623.0,5,24,50	1147.0,5,29,53	1875.0,5,22,48	854.0,4,32,55	700.0,4,33,56	934.0,4,31,54	497.0,3,36,57	1097.0,5,30,53	359.0,3,37,58	231.0,3,38,59	175.0,3,39,59	1064.0,5,30,53	121.0,3,39,60	11.0,3,40,60	37.0,3,40,60	0.0,3,40,60	0.0,3,40,60	0.0,3,40,60	0.0,3,40,60	0.0,3,40,60	0.0,3,40,60	0.0,3,40,60	0.0,3,40,60	0.0,3,40,60	0.0,3,40,60	0.0,3,40,60	0.0,3,40,60	0.0,3,40,60	0.0,3,40,60	0.0,3,40,60	0.0,3,40,60	0.0,3,40,60	0.0,3,40,60	0.0,3,40,60	0.0,3,40,60	0.0,3,40,60	0.0,3,40,60	0.0,3,40,60	0.0,3,40,60	0.0,3,40,60	0.0,3,40,60	0.0,3,40,60	0.0,3,40,60
142.0,3,39,60	284.0,3,38,59	69.0,3,40,60	22.0,3,40,60	71.0,3,40,60	15.0,3,40,60	80.0,3,40,60	230.0,3,38,59	533.0,4,35,57	424.0,3,36,58	294.0,3,38,59	302.0,3,37,58	269.0,3,38,59	251.0,3,38,59	538.0,4,35,57	405.0,3,36,58	680.0,4,34,56	498.0,3,36,57	490.0,3,36,57	352.0,3,37,58	386.0,3,37,58	200.0,3,38,59	851.0,4,32,55	648.0,4,34,56	1064.0,5,30,53	1070.0,5,30,53	1101.0,5,29,53	1437.0,5,26,51	1440.0,5,26,51	998.0,4,31,54	459.0,3,36,57	294.0,3,38,59	1039.0,5,30,54	449.0,3,36,58	636.0,4,34,56	826.0,4,32,55	203.0,3,38,59	28.0,3,40,60	201.0,3,38,59	250.0,3,38,59	40.0,3,40,60	0.0,3,40,60	0.0,3,40,60	0.0,3,40,60	0.0,3,40,60	0.0,3,40,60	0.0,3,40,60	0.0,3,40,60	0.0,3,40,60	0.0,3,40,60	0.0,3,40,60	0.0,3,40,60	0.0,3,40,60	0.0,3,40,60	0.0,3,40,60	0.0,3,40,60	0.0,3,40,60	0.0,3,40,60	0.0,3,40,60	0.0,3,40,60	0.0,3,40,60	0.0,3,40,60	0.0,3,40,60	0.0,3,40,60	0.0,3,40,60	0.0,3,40,60	0.0,3,40,60	0.0,3,40,60	0.0,3,40,60	0.0,3,40,60
97.0,3,40,60	126.0,3,39,60	152.0,3,39,59	8.0,3,40,60	39.0,3,40,60	33.0,3,40,60	46.0,3,40,60	132.0,3,39,60	412.0,3,36,58	338.0,3,37,58	282.0,3,38,59	418.0,3,36,58	256.0,3,38,59	156.0,3,39,59	313.0,3,37,58	450.0,3,36,57	136.0,3,39,60	454.0,3,36,57	262.0,3,38,59	137.0,3,39,60	451.0,3,36,57	303.0,3,37,58	1513.0,5,25,50	928.0,4,31,54	1010.0,5,30,54	700.0,4,33,56	737.0,4,33,56	1108.0,5,29,53	973.0,4,31,54	104.0,3,39,60	53.0,3,40,60	343.0,3,37,58	486.0,3,36,57	210.0,3,38,59	155.0,3,39,59	256.0,3,38,59	540.0,4,35,57	31.0,3,40,60	0.0,3,40,60	0.0,3,40,60	0.0,3,40,60	0.0,3,40,60	0.0,3,40,60	0.0,3,40,60	0.0,3,40,60	0.0,3,40,60	0.0,3,40,60	0.0,3,40,60	0.0,3,40,60	0.0,3,40,60	0.0,3,40,60	0.0,3,40,60	0.0,3,40,60	0.0,3,40,60	0.0,3,40,60	0.0,3,40,60	0.0,3,40,60	0.0,3,40,60	0.0,3,40,60	0.0,3,40,60	0.0,3,40,60	0.0,3,40,60	0.0,3,40,60	0.0,3,40,60	0.0,3,40,60	0.0,3,40,60	0.0,3,40,60	0.0,3,40,60	0.0,3,40,60	0.0,3,40,60
1.0,3,40,60	6.0,3,40,60	4.0,3,40,60	0.0,3,40,60	10.0,3,40,60	57.0,3,40,60	613.0,4,34,56	596.0,4,35,57	318.0,3,37,58	303.0,3,37,58	148.0,3,39,60	77.0,3,40,60	50.0,3,40,60	59.0,3,40,60	428.0,3,36,58	72.0,3,40,60	68.0,3,40,60	319.0,3,37,58	263.0,3,38,59	1110.0,5,29,53	810.0,4,32,55	1394.0,5,27,51	428.0,3,36,58	460.0,3,36,57	956.0,4,31,54	408.0,3,36,58	1467.0,5,26,51	1012.0,5,30,54	902.0,4,31,54	287.0,3,38,59	17.0,3,40,60	72.0,3,40,60	183.0,3,39,59	122.0,3,39,60	0.0,3,40,60	0.0,3,40,60	0.0,3,40,60	0.0,3,40,60	0.0,3,40,60	0.0,3,40,60	0.0,3,40,60	0.0,3,40,60	0.0,3,40,60	0.0,3,40,60	0.0,3,40,60	0.0,3,40,60	0.0,3,40,60	0.0,3,40,60	0.0,3,40,60	0.0,3,40,60	0.0,3,40,60	0.0,3,40,60	0.0,3,40,60	0.0,3,40,60	0.0,3,40,60	0.0,3,40,60	0.0,3,40,60	0.0,3,40,60	0.0,3,40,60	0.0,3,40,60	0.0,3,40,60	0.0,3,40,60	0.0,3,40,60	0.0,3,40,60	0.0,3,40,60	0.0,3,40,60	0.0,3,40,60	0.0,3,40,60	0.0,3,40,60	0.0,3,40,60
3.0,3,40,60	3.0,3,40,60	3.0,3,40,60	0.0,3,40,60	2.0,3,40,60	18.0,3,40,60	16.0,3,40,60	8.0,3,40,60	231.0,3,38,59	81.0,3,40,60	323.0,3,37,58	177.0,3,39,59	97.0,3,40,60	156.0,3,39,59	20.0,3,40,60	45.0,3,40,60	177.0,3,39,59	148.0,3,39,60	512.0,4,35,57	494.0,3,36,57	365.0,3,37,58	399.0,3,37,58	369.0,3,37,58	941.0,4,31,54	1147.0,5,29,53	728.0,4,33,56	1482.0,5,26,51	1278.0,5,28,52	154.0,3,39,59	83.0,3,40,60	6.0,3,40,60	3.0,3,40,60	0.0,3,40,60	0.0,3,40,60	0.0,3,40,60	0.0,3,40,60	0.0,3,40,60	0.0,3,40,60	0.0,3,40,60	0.0,3,40,60	0.0,3,40,60	0.0,3,40,60	0.0,3,40,60	0.0,3,40,60	0.0,3,40,60	0.0,3,40,60	0.0,3,40,60	0.0,3,40,60	0.0,3,40,60	0.0,3,40,60	0.0,3,40,60	0.0,3,40,60	0.0,3,40,60	0.0,3,40,60	0.0,3,40,60	0.0,3,40,60	0.0,3,40,60	0.0,3,40,60	0.0,3,40,60	0.0,3,40,60	0.0,3,40,60	0.0,3,40,60	0.0,3,40,60	0.0,3,40,60	0.0,3,40,60	0.0,3,40,60	0.0,3,40,60	0.0,3,40,60	0.0,3,40,60	0.0,3,40,60
0.0,3,40,60	0.0,3,40,60	0.0,3,40,60	0.0,3,40,60	0.0,3,40,60	0.0,3,40,60	22.0,3,40,60	0.0,3,40,60	16.0,3,40,60	19.0,3,40,60	157.0,3,39,59	57.0,3,40,60	257.0,3,38,59	41.0,3,40,60	80.0,3,40,60	40.0,3,40,60	22.0,3,40,60	307.0,3,37,58	358.0,3,37,58	364.0,3,37,58	461.0,3,36,57	361.0,3,37,58	207.0,3,38,59	724.0,4,33,56	1156.0,5,29,53	317.0,3,37,58	746.0,4,33,56	598.0,4,35,57	54.0,3,40,60	13.0,3,40,60	6.0,3,40,60	0.0,3,40,60	0.0,3,40,60	0.0,3,40,60	0.0,3,40,60	0.0,3,40,60	0.0,3,40,60	0.0,3,40,60	0.0,3,40,60	0.0,3,40,60	0.0,3,40,60	0.0,3,40,60	0.0,3,40,60	0.0,3,40,60	0.0,3,40,60	0.0,3,40,60	0.0,3,40,60	0.0,3,40,60	0.0,3,40,60	0.0,3,40,60	0.0,3,40,60	0.0,3,40,60	0.0,3,40,60	0.0,3,40,60	0.0,3,40,60	0.0,3,40,60	0.0,3,40,60	0.0,3,40,60	0.0,3,40,60	0.0,3,40,60	0.0,3,40,60	0.0,3,40,60	0.0,3,40,60	0.0,3,40,60	0.0,3,40,60	0.0,3,40,60	0.0,3,40,60	0.0,3,40,60	0.0,3,40,60	0.0,3,40,60
0.0,3,40,60	0.0,3,40,60	0.0,3,40,60	0.0,3,40,60	0.0,3,40,60	0.0,3,40,60	0.0,3,40,60	0.0,3,40,60	0.0,3,40,60	0.0,3,40,60	97.0,3,40,60	164.0,3,39,59	5.0,3,40,60	5.0,3,40,60	30.0,3,40,60	193.0,3,39,59	109.0,3,39,60	188.0,3,39,59	294.0,3,38,59	91.0,3,40,60	149.0,3,39,60	355.0,3,37,58	316.0,3,37,58	705.0,4,33,56	597.0,4,35,57	718.0,4,33,56	325.0,3,37,58	358.0,3,37,58	52.0,3,40,60	165.0,3,39,59	74.0,3,40,60	0.0,3,40,60	0.0,3,40,60	0.0,3,40,60	0.0,3,40,60	0.0,3,40,60	0.0,3,40,60	0.0,3,40,60	0.0,3,40,60	0.0,3,40,60	0.0,3,40,60	0.0,3,40,60	0.0,3,40,60	0.0,3,40,60	0.0,3,40,60	0.0,3,40,60	0.0,3,40,60	0.0,3,40,60	0.0,3,40,60	0.0,3,40,60	0.0,3,40,60	0.0,3,40,60	0.0,3,40,60	0.0,3,40,60	0.0,3,40,60	0.0,3,40,60	0.0,3,40,60	0.0,3,40,60	0.0,3,40,60	0.0,3,40,60	0.0,3,40,60	0.0,3,40,60	0.0,3,40,60	0.0,3,40,60	0.0,3,40,60	0.0,3,40,60	0.0,3,40,60	0.0,3,40,60	0.0,3,40,60	0.0,3,40,60
0.0,3,40,60	0.0,3,40,60	0.0,3,40,60	0.0,3,40,60	0.0,3,40,60	0.0,3,40,60	0.0,3,40,60	0.0,3,40,60	0.0,3,40,60	0.0,3,40,60	0.0,3,40,60	0.0,3,40,60	6.0,3,40,60	21.0,3,40,60	12.0,3,40,60	163.0,3,39,59	68.0,3,40,60	45.0,3,40,60	178.0,3,39,59	184.0,3,39,59	183.0,3,39,59	286.0,3,38,59	264.0,3,38,59	553.0,4,35,57	754.0,4,33,55	579.0,4,35,57	252.0,3,38,59	288.0,3,38,59	18.0,3,40,60	1.0,3,40,60	133.0,3,39,60	0.0,3,40,60	0.0,3,40,60	0.0,3,40,60	0.0,3,40,60	0.0,3,40,60	0.0,3,40,60	0.0,3,40,60	0.0,3,40,60	0.0,3,40,60	0.0,3,40,60	0.0,3,40,60	0.0,3,40,60	0.0,3,40,60	0.0,3,40,60	0.0,3,40,60	0.0,3,40,60	0.0,3,40,60	0.0,3,40,60	0.0,3,40,60	0.0,3,40,60	0.0,3,40,60	0.0,3,40,60	0.0,3,40,60	0.0,3,40,60	0.0,3,40,60	0.0,3,40,60	0.0,3,40,60	0.0,3,40,60	0.0,3,40,60	0.0,3,40,60	0.0,3,40,60	0.0,3,40,60	0.0,3,40,60	0.0,3,40,60	0.0,3,40,60	0.0,3,40,60	0.0,3,40,60	0.0,3,40,60	0.0,3,40,60
0.0,3,40,60	0.0,3,40,60	0.0,3,40,60	0.0,3,40,60	0.0,3,40,60	0.0,3,40,60	0.0,3,40,60	0.0,3,40,60	0.0,3,40,60	0.0,3,40,60	0.0,3,40,60	0.0,3,40,60	0.0,3,40,60	8.0,3,40,60	196.0,3,39,59	156.0,3,39,59	79.0,3,40,60	60.0,3,40,60	235.0,3,38,59	523.0,4,35,57	155.0,3,39,59	420.0,3,36,58	795.0,4,33,55	1054.0,5,30,53	859.0,4,32,55	608.0,4,34,56	275.0,3,38,59	662.0,4,34,56	226.0,3,38,59	235.0,3,38,59	0.0,3,40,60	0.0,3,40,60	0.0,3,40,60	0.0,3,40,60	0.0,3,40,60	0.0,3,40,60	0.0,3,40,60	0.0,3,40,60	0.0,3,40,60	0.0,3,40,60	0.0,3,40,60	0.0,3,40,60	0.0,3,40,60	0.0,3,40,60	0.0,3,40,60	0.0,3,40,60	0.0,3,40,60	0.0,3,40,60	0.0,3,40,60	0.0,3,40,60	0.0,3,40,60	0.0,3,40,60	0.0,3,40,60	0.0,3,40,60	0.0,3,40,60	0.0,3,40,60	0.0,3,40,60	0.0,3,40,60	0.0,3,40,60	0.0,3,40,60	0.0,3,40,60	0.0,3,40,60	0.0,3,40,60	0.0,3,40,60	0.0,3,40,60	0.0,3,40,60	0.0,3,40,60	0.0,3,40,60	0.0,3,40,60	0.0,3,40,60
0.0,3,40,60	0.0,3,40,60	0.0,3,40,60	0.0,3,40,60	0.0,3,40,60	0.0,3,40,60	0.0,3,40,60	0.0,3,40,60	0.0,3,40,60	0.0,3,40,60	0.0,3,40,60	0.0,3,40,60	43.0,3,40,60	29.0,3,40,60	100.0,3,39,60	39.0,3,40,60	73.0,3,40,60	26.0,3,40,60	318.0,3,37,58	233.0,3,38,59	255.0,3,38,59	394.0,3,37,58	1037.0,5,30,54	314.0,3,37,58	708.0,4,33,56	656.0,4,34,56	547.0,4,35,57	432.0,3,36,58	436.0,3,36,58	22.0,3,40,60	0.0,3,40,60	0.0,3,40,60	0.0,3,40,60	0.0,3,40,60	0.0,3,40,60	0.0,3,40,60	0.0,3,40,60	0.0,3,40,60	0.0,3,40,60	0.0,3,40,60	0.0,3,40,60	0.0,3,40,60	0.0,3,40,60	0.0,3,40,60	0.0,3,40,60	0.0,3,40,60	0.0,3,40,60	0.0,3,40,60	0.0,3,40,60	0.0,3,40,60	0.0,3,40,60	0.0,3,40,60	0.0,3,40,60	0.0,3,40,60	0.0,3,40,60	0.0,3,40,60	0.0,3,40,60	0.0,3,40,60	0.0,3,40,60	0.0,3,40,60	0.0,3,40,60	0.0,3,40,60	0.0,3,40,60	0.0,3,40,60	0.0,3,40,60	0.0,3,40,60	0.0,3,40,60	0.0,3,40,60	0.0,3,40,60	0.0,3,40,60
0.0,3,40,60	0.0,3,40,60	0.0,3,40,60	0.0,3,40,60	0.0,3,40,60	0.0,3,40,60	0.0,3,40,60	0.0,3,40,60	0.0,3,40,60	0.0,3,40,60	0.0,3,40,60	6.0,3,40,60	31.0,3,40,60	15.0,3,40,60	38.0,3,40,60	46.0,3,40,60	99.0,3,40,60	47.0,3,40,60	121.0,3,39,60	171.0,3,39,59	299.0,3,38,59	433.0,3,36,58	401.0,3,36,58	326.0,3,37,58	637.0,4,34,56	476.0,3,36,57	700.0,4,33,56	435.0,3,36,58	707.0,4,33,56	103.0,3,39,60	9.0,3,40,60	494.0,3,36,57	235.0,3,38,59	0.0,3,40,60	0.0,3,40,60	0.0,3,40,60	0.0,3,40,60	0.0,3,40,60	0.0,3,40,60	0.0,3,40,60	0.0,3,40,60	0.0,3,40,60	0.0,3,40,60	0.0,3,40,60	0.0,3,40,60	0.0,3,40,60	0.0,3,40,60	0.0,3,40,60	0.0,3,40,60	0.0,3,40,60	0.0,3,40,60	0.0,3,40,60	0.0,3,40,60	0.0,3,40,60	0.0,3,40,60	0.0,3,40,60	0.0,3,40,60	0.0,3,40,60	0.0,3,40,60	0.0,3,40,60	0.0,3,40,60	0.0,3,40,60	0.0,3,40,60	0.0,3,40,60	0.0,3,40,60	0.0,3,40,60	0.0,3,40,60	0.0,3,40,60	0.0,3,40,60	0.0,3,40,60
0.0,3,40,60	0.0,3,40,60	0.0,3,40,60	0.0,3,40,60	0.0,3,40,60	0.0,3,40,60	0.0,3,40,60	0.0,3,40,60	0.0,3,40,60	0.0,3,40,60	0.0,3,40,60	7.0,3,40,60	51.0,3,40,60	14.0,3,40,60	5.0,3,40,60	11.0,3,40,60	44.0,3,40,60	32.0,3,40,60	324.0,3,37,58	104.0,3,39,60	284.0,3,38,59	228.0,3,38,59	835.0,4,32,55	945.0,4,31,54	423.0,3,36,58	333.0,3,37,58	1177.0,5,29,53	810.0,4,32,55	679.0,4,34,56	534.0,4,35,57	276.0,3,38,59	393.0,3,37,58	411.0,3,36,58	185.0,3,39,59	0.0,3,40,60	0.0,3,40,60	0.0,3,40,60	0.0,3,40,60	0.0,3,40,60	0.0,3,40,60	0.0,3,40,60	0.0,3,40,60	0.0,3,40,60	0.0,3,40,60	0.0,3,40,60	0.0,3,40,60	0.0,3,40,60	0.0,3,40,60	0.0,3,40,60	0.0,3,40,60	0.0,3,40,60	0.0,3,40,60	0.0,3,40,60	0.0,3,40,60	0.0,3,40,60	0.0,3,40,60	0.0,3,40,60	0.0,3,40,60	0.0,3,40,60	0.0,3,40,60	0.0,3,40,60	0.0,3,40,60	0.0,3,40,60	0.0,3,40,60	0.0,3,40,60	0.0,3,40,60	0.0,3,40,60	0.0,3,40,60	0.0,3,40,60	0.0,3,40,60
0.0,3,40,60	0.0,3,40,60	0.0,3,40,60	0.0,3,40,60	0.0,3,40,60	0.0,3,40,60	0.0,3,40,60	0.0,3,40,60	0.0,3,40,60	0.0,3,40,60	5.0,3,40,60	137.0,3,39,60	13.0,3,40,60	30.0,3,40,60	17.0,3,40,60	43.0,3,40,60	81.0,3,40,60	130.0,3,39,60	206.0,3,38,59	351.0,3,37,58	343.0,3,37,58	806.0,4,32,55	564.0,4,35,57	223.0,3,38,59	462.0,3,36,57	789.0,4,33,55	478.0,3,36,57	973.0,4,31,54	956.0,4,31,54	667.0,4,34,56	335.0,3,37,58	763.0,4,33,55	521.0,4,35,57	206.0,3,38,59	207.0,3,38,59	91.0,3,40,60	0.0,3,40,60	0.0,3,40,60	0.0,3,40,60	0.0,3,40,60	0.0,3,40,60	0.0,3,40,60	0.0,3,40,60	0.0,3,40,60	0.0,3,40,60	0.0,3,40,60	0.0,3,40,60	0.0,3,40,60	0.0,3,40,60	0.0,3,40,60	0.0,3,40,60	0.0,3,40,60	0.0,3,40,60	0.0,3,40,60	0.0,3,40,60	0.0,3,40,60	0.0,3,40,60	0.0,3,40,60	0.0,3,40,60	0.0,3,40,60	0.0,3,40,60	0.0,3,40,60	0.0,3,40,60	0.0,3,40,60	0.0,3,40,60	0.0,3,40,60	0.0,3,40,60	0.0,3,40,60	0.0,3,40,60	0.0,3,40,60
0.0,3,40,60	0.0,3,40,60	0.0,3,40,60	0.0,3,40,60	0.0,3,40,60	0.0,3,40,60	0.0,3,40,60	0.0,3,40,60	0.0,3,40,60	0.0,3,40,60	0.0,3,40,60	0.0,3,40,60	5.0,3,40,60	6.0,3,40,60	45.0,3,40,60	8.0,3,40,60	198.0,3,39,59	58.0,3,40,60	263.0,3,38,59	257.0,3,38,59	144.0,3,39,60	120.0,3,39,60	209.0,3,38,59	289.0,3,38,59	318.0,3,37,58	549.0,4,35,57	478.0,3,36,57	546.0,4,35,57	436.0,3,36,58	466.0,3,36,57	683.0,4,34,56	396.0,3,37,58	639.0,4,34,56	712.0,4,33,56	697.0,4,34,56	725.0,4,33,56	199.0,3,39,59	157.0,3,39,59	0.0,3,40,60	0.0,3,40,60	0.0,3,40,60	0.0,3,40,60	0.0,3,40,60	0.0,3,40,60	0.0,3,40,60	0.0,3,40,60	0.0,3,40,60	0.0,3,40,60	0.0,3,40,60	0.0,3,40,60	0.0,3,40,60	0.0,3,40,60	0.0,3,40,60	0.0,3,40,60	0.0,3,40,60	0.0,3,40,60	0.0,3,40,60	0.0,3,40,60	0.0,3,40,60	0.0,3,40,60	0.0,3,40,60	0.0,3,40,60	0.0,3,40,60	0.0,3,40,60	0.0,3,40,60	0.0,3,40,60	0.0,3,40,60	0.0,3,40,60	0.0,3,40,60	0.0,3,40,60
0.0,3,40,60	0.0,3,40,60	0.0,3,40,60	0.0,3,40,60	0.0,3,40,60	0.0,3,40,60	0.0,3,40,60	0.0,3,40,60	0.0,3,40,60	5.0,3,40,60	20.0,3,40,60	254.0,3,38,59	154.0,3,39,59	23.0,3,40,60	5.0,3,40,60	136.0,3,39,60	219.0,3,38,59	411.0,3,36,58	347.0,3,37,58	246.0,3,38,59	287.0,3,38,59	252.0,3,38,59	126.0,3,39,60	273.0,3,38,59	235.0,3,38,59	191.0,3,39,59	252.0,3,38,59	392.0,3,37,58	634.0,4,34,56	551.0,4,35,57	763.0,4,33,55	725.0,4,33,56	345.0,3,37,58	484.0,3,36,57	1030.0,5,30,54	728.0,4,33,56	772.0,4,33,55	217.0,3,38,59	0.0,3,40,60	0.0,3,40,60	0.0,3,40,60	0.0,3,40,60	0.0,3,40,60	0.0,3,40,60	0.0,3,40,60	0.0,3,40,60	0.0,3,40,60	0.0,3,40,60	0.0,3,40,60	0.0,3,40,60	0.0,3,40,60	0.0,3,40,60	0.0,3,40,60	0.0,3,40,60	0.0,3,40,60	0.0,3,40,60	0.0,3,40,60	0.0,3,40,60	0.0,3,40,60	0.0,3,40,60	0.0,3,40,60	0.0,3,40,60	0.0,3,40,60	0.0,3,40,60	0.0,3,40,60	0.0,3,40,60	0.0,3,40,60	0.0,3,40,60	0.0,3,40,60	0.0,3,40,60
0.0,3,40,60	0.0,3,40,60	0.0,3,40,60	0.0,3,40,60	0.0,3,40,60	0.0,3,40,60	0.0,3,40,60	0.0,3,40,60	0.0,3,40,60	41.0,3,40,60	175.0,3,39,59	334.0,3,37,58	22.0,3,40,60	4.0,3,40,60	5.0,3,40,60	9.0,3,40,60	67.0,3,40,60	131.0,3,39,60	101.0,3,39,60	129.0,3,39,60	132.0,3,39,60	201.0,3,38,59	49.0,3,40,60	332.0,3,37,58	231.0,3,38,59	378.0,3,37,58	289.0,3,38,59	185.0,3,39,59	344.0,3,37,58	336.0,3,37,58	625.0,4,34,56	324.0,3,37,58	586.0,4,35,57	353.0,3,37,58	599.0,4,35,57	702.0,4,33,56	747.0,4,33,56	217.0,3,38,59	44.0,3,40,60	0.0,3,40,60	0.0,3,40,60	0.0,3,40,60	0.0,3,40,60	0.0,3,40,60	0.0,3,40,60	0.0,3,40,60	0.0,3,40,60	0.0,3,40,60	0.0,3,40,60	0.0,3,40,60	0.0,3,40,60	0.0,3,40,60	0.0,3,40,60	0.0,3,40,60	0.0,3,40,60	0.0,3,40,60	0.0,3,40,60	0.0,3,40,60	0.0,3,40,60	0.0,3,40,60	0.0,3,40,60	0.0,3,40,60	0.0,3,40,60	0.0,3,40,60	0.0,3,40,60	0.0,3,40,60	0.0,3,40,60	0.0,3,40,60	0.0,3,40,60	0.0,3,40,60
0.0,3,40,60	0.0,3,40,60	0.0,3,40,60	0.0,3,40,60	0.0,3,40,60	0.0,3,40,60	0.0,3,40,60	0.0,3,40,60	156.0,3,39,59	268.0,3,38,59	94.0,3,40,60	95.0,3,40,60	51.0,3,40,60	124.0,3,39,60	64.0,3,40,60	70.0,3,40,60	56.0,3,40,60	120.0,3,39,60	105.0,3,39,60	165.0,3,39,59	148.0,3,39,60	31.0,3,40,60	45.0,3,40,60	48.0,3,40,60	188.0,3,39,59	251.0,3,38,59	149.0,3,39,60	178.0,3,39,59	276.0,3,38,59	206.0,3,38,59	323.0,3,37,58	615.0,4,34,56	493.0,3,36,57	409.0,3,36,58	633.0,4,34,56	769.0,4,33,55	769.0,4,33,55	1015.0,5,30,54	572.0,4,35,57	4.0,3,40,60	0.0,3,40,60	0.0,3,40,60	0.0,3,40,60	0.0,3,40,60	0.0,3,40,60	0.0,3,40,60	0.0,3,40,60	0.0,3,40,60	0.0,3,40,60	0.0,3,40,60	0.0,3,40,60	0.0,3,40,60	0.0,3,40,60	0.0,3,40,60	0.0,3,40,60	0.0,3,40,60	0.0,3,40,60	0.0,3,40,60	0.0,3,40,60	0.0,3,40,60	0.0,3,40,60	0.0,3,40,60	0.0,3,40,60	0.0,3,40,60	0.0,3,40,60	0.0,3,40,60	0.0,3,40,60	0.0,3,40,60	0.0,3,40,60	0.0,3,40,60
0.0,3,40,60	0.0,3,40,60	0.0,3,40,60	0.0,3,40,60	0.0,3,40,60	0.0,3,40,60	0.0,3,40,60	3.0,3,40,60	9.0,3,40,60	63.0,3,40,60	173.0,3,39,59	37.0,3,40,60	42.0,3,40,60	231.0,3,38,59	177.0,3,39,59	150.0,3,39,59	400.0,3,36,58	476.0,3,36,57	231.0,3,38,59	72.0,3,40,60	26.0,3,40,60	17.0,3,40,60	188.0,3,39,59	222.0,3,38,59	291.0,3,38,59	153.0,3,39,59	250.0,3,38,59	296.0,3,38,59	180.0,3,39,59	236.0,3,38,59	545.0,4,35,57	398.0,3,37,58	503.0,4,35,57	566.0,4,35,57	291.0,3,38,59	444.0,3,36,58	725.0,4,33,56	411.0,3,36,58	969.0,4,31,54	185.0,3,39,59	0.0,3,40,60	0.0,3,40,60	0.0,3,40,60	0.0,3,40,60	0.0,3,40,60	0.0,3,40,60	0.0,3,40,60	0.0,3,40,60	0.0,3,40,60	0.0,3,40,60	0.0,3,40,60	0.0,3,40,60	0.0,3,40,60	0.0,3,40,60	0.0,3,40,60	0.0,3,40,60	0.0,3,40,60	0.0,3,40,60	0.0,3,40,60	0.0,3,40,60	0.0,3,40,60	0.0,3,40,60	0.0,3,40,60	0.0,3,40,60	0.0,3,40,60	0.0,3,40,60	0.0,3,40,60	0.0,3,40,60	0.0,3,40,60	0.0,3,40,60
0.0,3,40,60	0.0,3,40,60	0.0,3,40,60	0.0,3,40,60	0.0,3,40,60	0.0,3,40,60	0.0,3,40,60	0.0,3,40,60	0.0,3,40,60	0.0,3,40,60	0.0,3,40,60	2.0,3,40,60	114.0,3,39,60	24.0,3,40,60	35.0,3,40,60	421.0,3,36,58	35.0,3,40,60	42.0,3,40,60	88.0,3,40,60	52.0,3,40,60	156.0,3,39,59	49.0,3,40,60	387.0,3,37,58	311.0,3,37,58	142.0,3,39,60	106.0,3,39,60	24.0,3,40,60	97.0,3,40,60	354.0,3,37,58	481.0,3,36,57	476.0,3,36,57	449.0,3,36,58	304.0,3,37,58	278.0,3,38,59	372.0,3,37,58	522.0,4,35,57	199.0,3,39,59	760.0,4,33,55	884.0,4,32,55	488.0,3,36,57	43.0,3,40,60	0.0,3,40,60	0.0,3,40,60	0.0,3,40,60	0.0,3,40,60	0.0,3,40,60	0.0,3,40,60	0.0,3,40,60	0.0,3,40,60	0.0,3,40,60	0.0,3,40,60	0.0,3,40,60	0.0,3,40,60	0.0,3,40,60	0.0,3,40,60	0.0,3,40,60	0.0,3,40,60	0.0,3,40,60	0.0,3,40,60	0.0,3,40,60	0.0,3,40,60	0.0,3,40,60	0.0,3,40,60	0.0,3,40,60	0.0,3,40,60	0.0,3,40,60	0.0,3,40,60	0.0,3,40,60	0.0,3,40,60	0.0,3,40,60
0.0,3,40,60	0.0,3,40,60	0.0,3,40,60	0.0,3,40,60	0.0,3,40,60	0.0,3,40,60	31.0,3,40,60	0.0,3,40,60	0.0,3,40,60	28.0,3,40,60	61.0,3,40,60	23.0,3,40,60	35.0,3,40,60	187.0,3,39,59	5.0,3,40,60	0.0,3,40,60	16.0,3,40,60	4.0,3,40,60	6.0,3,40,60	6.0,3,40,60	33.0,3,40,60	4.0,3,40,60	71.0,3,40,60	13.0,3,40,60	21.0,3,40,60	93.0,3,40,60	263.0,3,38,59	216.0,3,38,59	218.0,3,38,59	625.0,4,34,56	288.0,3,38,59	513.0,4,35,57	77.0,3,40,60	182.0,3,39,59	378.0,3,37,58	270.0,3,38,59	710.0,4,33,56	435.0,3,36,58	762.0,4,33,55	585.0,4,35,57	326.0,3,37,58	39.0,3,40,60	0.0,3,40,60	0.0,3,40,60	0.0,3,40,60	0.0,3,40,60	0.0,3,40,60	0.0,3,40,60	0.0,3,40,60	0.0,3,40,60	0.0,3,40,60	0.0,3,40,60	0.0,3,40,60	0.0,3,40,60	0.0,3,40,60	0.0,3,40,60	0.0,3,40,60	0.0,3,40,60	0.0,3,40,60	0.0,3,40,60	0.0,3,40,60	0.0,3,40,60	0.0,3,40,60	0.0,3,40,60	0.0,3,40,60	0.0,3,40,60	0.0,3,40,60	0.0,3,40,60	0.0,3,40,60	0.0,3,40,60
0.0,3,40,60	0.0,3,40,60	0.0,3,40,60	0.0,3,40,60	0.0,3,40,60	0.0,3,40,60	88.0,3,40,60	0.0,3,40,60	0.0,3,40,60	0.0,3,40,60	0.0,3,40,60	16.0,3,40,60	0.0,3,40,60	5.0,3,40,60	0.0,3,40,60	0.0,3,40,60	0.0,3,40,60	0.0,3,40,60	11.0,3,40,60	0.0,3,40,60	0.0,3,40,60	8.0,3,40,60	11.0,3,40,60	1.0,3,40,60	13.0,3,40,60	83.0,3,40,60	230.0,3,38,59	137.0,3,39,60	302.0,3,37,58	115.0,3,39,60	123.0,3,39,60	162.0,3,39,59	98.0,3,40,60	725.0,4,33,56	367.0,3,37,58	234.0,3,38,59	683.0,4,34,56	553.0,4,35,57	627.0,4,34,56	1413.0,5,26,51	575.0,4,35,57	301.0,3,37,58	54.0,3,40,60	0.0,3,40,60	0.0,3,40,60	0.0,3,40,60	0.0,3,40,60	0.0,3,40,60	0.0,3,40,60	0.0,3,40,60	0.0,3,40,60	0.0,3,40,60	0.0,3,40,60	0.0,3,40,60	0.0,3,40,60	0.0,3,40,60	0.0,3,40,60	0.0,3,40,60	0.0,3,40,60	0.0,3,40,60	0.0,3,40,60	0.0,3,40,60	0.0,3,40,60	0.0,3,40,60	0.0,3,40,60	0.0,3,40,60	0.0,3,40,60	0.0,3,40,60	0.0,3,40,60	0.0,3,40,60
0.0,3,40,60	0.0,3,40,60	0.0,3,40,60	0.0,3,40,60	0.0,3,40,60	0.0,3,40,60	0.0,3,40,60	0.0,3,40,60	0.0,3,40,60	0.0,3,40,60	0.0,3,40,60	0.0,3,40,60	0.0,3,40,60	0.0,3,40,60	0.0,3,40,60	0.0,3,40,60	0.0,3,40,60	0.0,3,40,60	0.0,3,40,60	0.0,3,40,60	22.0,3,40,60	89.0,3,40,60	10.0,3,40,60	1.0,3,40,60	35.0,3,40,60	46.0,3,40,60	411.0,3,36,58	142.0,3,39,60	196.0,3,39,59	193.0,3,39,59	214.0,3,38,59	80.0,3,40,60	100.0,3,39,60	338.0,3,37,58	232.0,3,38,59	497.0,3,36,57	398.0,3,37,58	971.0,4,31,54	1175.0,5,29,53	896.0,4,32,55	772.0,4,33,55	827.0,4,32,55	427.0,3,36,58	279.0,3,38,59	0.0,3,40,60	0.0,3,40,60	0.0,3,40,60	0.0,3,40,60	0.0,3,40,60	0.0,3,40,60	0.0,3,40,60	0.0,3,40,60	0.0,3,40,60	0.0,3,40,60	0.0,3,40,60	0.0,3,40,60	0.0,3,40,60	0.0,3,40,60	0.0,3,40,60	0.0,3,40,60	0.0,3,40,60	0.0,3,40,60	0.0,3,40,60	0.0,3,40,60	0.0,3,40,60	0.0,3,40,60	0.0,3,40,60	0.0,3,40,60	0.0,3,40,60	0.0,3,40,60
0.0,3,40,60	0.0,3,40,60	0.0,3,40,60	0.0,3,40,60	0.0,3,40,60	0.0,3,40,60	0.0,3,40,60	0.0,3,40,60	0.0,3,40,60	0.0,3,40,60	0.0,3,40,60	0.0,3,40,60	0.0,3,40,60	0.0,3,40,60	0.0,3,40,60	0.0,3,40,60	0.0,3,40,60	0.0,3,40,60	0.0,3,40,60	0.0,3,40,60	0.0,3,40,60	0.0,3,40,60	0.0,3,40,60	28.0,3,40,60	12.0,3,40,60	16.0,3,40,60	38.0,3,40,60	20.0,3,40,60	305.0,3,37,58	106.0,3,39,60	560.0,4,35,57	576.0,4,35,57	117.0,3,39,60	329.0,3,37,58	333.0,3,37,58	157.0,3,39,59	342.0,3,37,58	789.0,4,33,55	670.0,4,34,56	911.0,4,31,54	744.0,4,33,56	825.0,4,32,55	743.0,4,33,56	242.0,3,38,59	59.0,3,40,60	0.0,3,40,60	0.0,3,40,60	0.0,3,40,60	0.0,3,40,60	0.0,3,40,60	0.0,3,40,60	0.0,3,40,60	0.0,3,40,60	0.0,3,40,60	0.0,3,40,60	0.0,3,40,60	0.0,3,40,60	0.0,3,40,60	0.0,3,40,60	0.0,3,40,60	0.0,3,40,60	0.0,3,40,60	0.0,3,40,60	0.0,3,40,60	0.0,3,40,60	0.0,3,40,60	0.0,3,40,60	0.0,3,40,60	0.0,3,40,60	0.0,3,40,60
0.0,3,40,60	0.0,3,40,60	0.0,3,40,60	0.0,3,40,60	0.0,3,40,60	0.0,3,40,60	0.0,3,40,60	0.0,3,40,60	0.0,3,40,60	0.0,3,40,60	0.0,3,40,60	0.0,3,40,60	0.0,3,40,60	0.0,3,40,60	0.0,3,40,60	0.0,3,40,60	0.0,3,40,60	0.0,3,40,60	0.0,3,40,60	0.0,3,40,60	0.0,3,40,60	0.0,3,40,60	0.0,3,40,60	73.0,3,40,60	13.0,3,40,60	19.0,3,40,60	71.0,3,40,60	33.0,3,40,60	91.0,3,40,60	252.0,3,38,59	65.0,3,40,60	71.0,3,40,60	256.0,3,38,59	265.0,3,38,59	121.0,3,39,60	247.0,3,38,59	439.0,3,36,58	575.0,4,35,57	418.0,3,36,58	901.0,4,31,54	571.0,4,35,57	726.0,4,33,56	749.0,4,33,56	1030.0,5,30,54	42.0,3,40,60	0.0,3,40,60	0.0,3,40,60	0.0,3,40,60	0.0,3,40,60	0.0,3,40,60	0.0,3,40,60	0.0,3,40,60	0.0,3,40,60	0.0,3,40,60	0.0,3,40,60	0.0,3,40,60	0.0,3,40,60	0.0,3,40,60	0.0,3,40,60	0.0,3,40,60	0.0,3,40,60	0.0,3,40,60	0.0,3,40,60	0.0,3,40,60	0.0,3,40,60	0.0,3,40,60	0.0,3,40,60	0.0,3,40,60	0.0,3,40,60	0.0,3,40,60
0.0,3,40,60	0.0,3,40,60	0.0,3,40,60	0.0,3,40,60	0.0,3,40,60	0.0,3,40,60	0.0,3,40,60	0.0,3,40,60	0.0,3,40,60	0.0,3,40,60	0.0,3,40,60	0.0,3,40,60	0.0,3,40,60	0.0,3,40,60	0.0,3,40,60	0.0,3,40,60	0.0,3,40,60	0.0,3,40,60	0.0,3,40,60	0.0,3,40,60	0.0,3,40,60	0.0,3,40,60	0.0,3,40,60	0.0,3,40,60	11.0,3,40,60	22.0,3,40,60	74.0,3,40,60	167.0,3,39,59	117.0,3,39,60	152.0,3,39,59	53.0,3,40,60	100.0,3,39,60	74.0,3,40,60	174.0,3,39,59	198.0,3,39,59	903.0,4,31,54	559.0,4,35,57	517.0,4,35,57	628.0,4,34,56	675.0,4,34,56	397.0,3,37,58	633.0,4,34,56	750.0,4,33,55	826.0,4,32,55	679.0,4,34,56	464.0,3,36,57	0.0,3,40,60	0.0,3,40,60	0.0,3,40,60	0.0,3,40,60	0.0,3,40,60	0.0,3,40,60	0.0,3,40,60	0.0,3,40,60	0.0,3,40,60	0.0,3,40,60	0.0,3,40,60	0.0,3,40,60	0.0,3,40,60	0.0,3,40,60	0.0,3,40,60	0.0,3,40,60	0.0,3,40,60	0.0,3,40,60	0.0,3,40,60	0.0,3,40,60	0.0,3,40,60	0.0,3,40,60	0.0,3,40,60	0.0,3,40,60
0.0,3,40,60	0.0,3,40,60	0.0,3,40,60	0.0,3,40,60	0.0,3,40,60	0.0,3,40,60	0.0,3,40,60	0.0,3,40,60	0.0,3,40,60	0.0,3,40,60	0.0,3,40,60	0.0,3,40,60	0.0,3,40,60	0.0,3,40,60	0.0,3,40,60	0.0,3,40,60	0.0,3,40,60	0.0,3,40,60	55.0,3,40,60	0.0,3,40,60	0.0,3,40,60	0.0,3,40,60	0.0,3,40,60	9.0,3,40,60	6.0,3,40,60	144.0,3,39,60	74.0,3,40,60	58.0,3,40,60	170.0,3,39,59	114.0,3,39,60	79.0,3,40,60	98.0,3,40,60	167.0,3,39,59	244.0,3,38,59	395.0,3,37,58	550.0,4,35,57	436.0,3,36,58	352.0,3,37,58	210.0,3,38,59	495.0,3,36,57	615.0,4,34,56	628.0,4,34,56	1132.0,5,29,53	699.0,4,34,56	829.0,4,32,55	536.0,4,35,57	17.0,3,40,60	0.0,3,40,60	0.0,3,40,60	0.0,3,40,60	0.0,3,40,60	0.0,3,40,60	0.0,3,40,60	0.0,3,40,60	0.0,3,40,60	0.0,3,40,60	0.0,3,40,60	0.0,3,40,60	0.0,3,40,60	0.0,3,40,60	0.0,3,40,60	0.0,3,40,60	0.0,3,40,60	0.0,3,40,60	0.0,3,40,60	0.0,3,40,60	0.0,3,40,60	0.0,3,40,60	0.0,3,40,60	0.0,3,40,60
0.0,3,40,60	0.0,3,40,60	0.0,3,40,60	0.0,3,40,60	0.0,3,40,60	0.0,3,40,60	0.0,3,40,60	0.0,3,40,60	0.0,3,40,60	0.0,3,40,60	0.0,3,40,60	0.0,3,40,60	0.0,3,40,60	0.0,3,40,60	0.0,3,40,60	0.0,3,40,60	0.0,3,40,60	0.0,3,40,60	0.0,3,40,60	0.0,3,40,60	0.0,3,40,60	26.0,3,40,60	0.0,3,40,60	0.0,3,40,60	27.0,3,40,60	4.0,3,40,60	20.0,3,40,60	63.0,3,40,60	52.0,3,40,60	87.0,3,40,60	187.0,3,39,59	71.0,3,40,60	166.0,3,39,59	323.0,3,37,58	116.0,3,39,60	283.0,3,38,59	141.0,3,39,60	217.0,3,38,59	246.0,3,38,59	426.0,3,36,58	462.0,3,36,57	664.0,4,34,56	1074.0,5,30,53	820.0,4,32,55	702.0,4,33,56	696.0,4,34,56	149.0,3,39,60	0.0,3,40,60	0.0,3,40,60	0.0,3,40,60	0.0,3,40,60	0.0,3,40,60	0.0,3,40,60	0.0,3,40,60	0.0,3,40,60	0.0,3,40,60	0.0,3,40,60	0.0,3,40,60	0.0,3,40,60	0.0,3,40,60	0.0,3,40,60	0.0,3,40,60	0.0,3,40,60	0.0,3,40,60	0.0,3,40,60	0.0,3,40,60	0.0,3,40,60	0.0,3,40,60	0.0,3,40,60	0.0,3,40,60
0.0,3,40,60	0.0,3,40,60	0.0,3,40,60	0.0,3,40,60	0.0,3,40,60	0.0,3,40,60	0.0,3,40,60	0.0,3,40,60	0.0,3,40,60	0.0,3,40,60	0.0,3,40,60	0.0,3,40,60	0.0,3,40,60	0.0,3,40,60	0.0,3,40,60	0.0,3,40,60	0.0,3,40,60	0.0,3,40,60	0.0,3,40,60	0.0,3,40,60	0.0,3,40,60	47.0,3,40,60	0.0,3,40,60	35.0,3,40,60	6.0,3,40,60	0.0,3,40,60	12.0,3,40,60	27.0,3,40,60	66.0,3,40,60	286.0,3,38,59	95.0,3,40,60	211.0,3,38,59	129.0,3,39,60	228.0,3,38,59	177.0,3,39,59	140.0,3,39,60	290.0,3,38,59	147.0,3,39,60	787.0,4,33,55	614.0,4,34,56	281.0,3,38,59	267.0,3,38,59	399.0,3,37,58	622.0,4,34,56	592.0,4,35,57	646.0,4,34,56	165.0,3,39,59	0.0,3,40,60	0.0,3,40,60	0.0,3,40,60	0.0,3,40,60	0.0,3,40,60	0.0,3,40,60	0.0,3,40,60	0.0,3,40,60	0.0,3,40,60	0.0,3,40,60	0.0,3,40,60	0.0,3,40,60	0.0,3,40,60	0.0,3,40,60	0.0,3,40,60	0.0,3,40,60	0.0,3,40,60	0.0,3,40,60	0.0,3,40,60	0.0,3,40,60	0.0,3,40,60	0.0,3,40,60	0.0,3,40,60
0.0,3,40,60	0.0,3,40,60	0.0,3,40,60	0.0,3,40,60	0.0,3,40,60	0.0,3,40,60	0.0,3,40,60	0.0,3,40,60	0.0,3,40,60	0.0,3,40,60	0.0,3,40,60	0.0,3,40,60	0.0,3,40,60	0.0,3,40,60	0.0,3,40,60	0.0,3,40,60	0.0,3,40,60	0.0,3,40,60	0.0,3,40,60	4.0,3,40,60	41.0,3,40,60	43.0,3,40,60	32.0,3,40,60	52.0,3,40,60	12.0,3,40,60	27.0,3,40,60	13.0,3,40,60	43.0,3,40,60	135.0,3,39,60	170.0,3,39,59	114.0,3,39,60	67.0,3,40,60	192.0,3,39,59	112.0,3,39,60	255.0,3,38,59	707.0,4,33,56	421.0,3,36,58	740.0,4,33,56	535.0,4,35,57	251.0,3,38,59	165.0,3,39,59	269.0,3,38,59	524.0,4,35,57	458.0,3,36,57	0.0,3,40,60	520.0,4,35,57	339.0,3,37,58	39.0,3,40,60	0.0,3,40,60	0.0,3,40,60	0.0,3,40,60	0.0,3,40,60	0.0,3,40,60	0.0,3,40,60	0.0,3,40,60	0.0,3,40,60	0.0,3,40,60	0.0,3,40,60	0.0,3,40,60	0.0,3,40,60	0.0,3,40,60	0.0,3,40,60	0.0,3,40,60	0.0,3,40,60	0.0,3,40,60	0.0,3,40,60	0.0,3,40,60	0.0,3,40,60	0.0,3,40,60	0.0,3,40,60
0.0,3,40,60	0.0,3,40,60	0.0,3,40,60	0.0,3,40,60	0.0,3,40,60	0.0,3,40,60	0.0,3,40,60	0.0,3,40,60	0.0,3,40,60	0.0,3,40,60	0.0,3,40,60	0.0,3,40,60	0.0,3,40,60	0.0,3,40,60	0.0,3,40,60	0.0,3,40,60	0.0,3,40,60	0.0,3,40,60	0.0,3,40,60	0.0,3,40,60	3.0,3,40,60	3.0,3,40,60	57.0,3,40,60	72.0,3,40,60	30.0,3,40,60	53.0,3,40,60	441.0,3,36,58	270.0,3,38,59	106.0,3,39,60	33.0,3,40,60	46.0,3,40,60	452.0,3,36,57	200.0,3,38,59	405.0,3,36,58	615.0,4,34,56	444.0,3,36,58	390.0,3,37,58	259.0,3,38,59	217.0,3,38,59	132.0,3,39,60	338.0,3,37,58	216.0,3,38,59	273.0,3,38,59	413.0,3,36,58	478.0,3,36,57	697.0,4,34,56	208.0,3,38,59	0.0,3,40,60	0.0,3,40,60	0.0,3,40,60	0.0,3,40,60	0.0,3,40,60	0.0,3,40,60	0.0,3,40,60	0.0,3,40,60	0.0,3,40,60	0.0,3,40,60	0.0,3,40,60	0.0,3,40,60	0.0,3,40,60	0.0,3,40,60	0.0,3,40,60	0.0,3,40,60	0.0,3,40,60	0.0,3,40,60	0.0,3,40,60	0.0,3,40,60	0.0,3,40,60	0.0,3,40,60	0.0,3,40,60
0.0,3,40,60	0.0,3,40,60	0.0,3,40,60	0.0,3,40,60	0.0,3,40,60	0.0,3,40,60	0.0,3,40,60	0.0,3,40,60	0.0,3,40,60	0.0,3,40,60	0.0,3,40,60	0.0,3,40,60	0.0,3,40,60	0.0,3,40,60	0.0,3,40,60	0.0,3,40,60	0.0,3,40,60	0.0,3,40,60	0.0,3,40,60	0.0,3,40,60	0.0,3,40,60	0.0,3,40,60	41.0,3,40,60	72.0,3,40,60	30.0,3,40,60	232.0,3,38,59	94.0,3,40,60	122.0,3,39,60	38.0,3,40,60	64.0,3,40,60	118.0,3,39,60	465.0,3,36,57	299.0,3,38,59	476.0,3,36,57	695.0,4,34,56	131.0,3,39,60	142.0,3,39,60	70.0,3,40,60	191.0,3,39,59	70.0,3,40,60	80.0,3,40,60	152.0,3,39,59	195.0,3,39,59	337.0,3,37,58	278.0,3,38,59	487.0,3,36,57	93.0,3,40,60	0.0,3,40,60	0.0,3,40,60	0.0,3,40,60	0.0,3,40,60	0.0,3,40,60	0.0,3,40,60	0.0,3,40,60	0.0,3,40,60	0.0,3,40,60	0.0,3,40,60	0.0,3,40,60	0.0,3,40,60	0.0,3,40,60	0.0,3,40,60	0.0,3,40,60	0.0,3,40,60	0.0,3,40,60	0.0,3,40,60	0.0,3,40,60	0.0,3,40,60	0.0,3,40,60	0.0,3,40,60	0.0,3,40,60
0.0,3,40,60	0.0,3,40,60	0.0,3,40,60	0.0,3,40,60	0.0,3,40,60	0.0,3,40,60	0.0,3,40,60	0.0,3,40,60	0.0,3,40,60	0.0,3,40,60	0.0,3,40,60	0.0,3,40,60	0.0,3,40,60	0.0,3,40,60	0.0,3,40,60	0.0,3,40,60	0.0,3,40,60	0.0,3,40,60	0.0,3,40,60	0.0,3,40,60	0.0,3,40,60	0.0,3,40,60	164.0,3,39,59	93.0,3,40,60	137.0,3,39,60	379.0,3,37,58	27.0,3,40,60	247.0,3,38,59	173.0,3,39,59	114.0,3,39,60	80.0,3,40,60	292.0,3,38,59	377.0,3,37,58	304.0,3,37,58	320.0,3,37,58	195.0,3,39,59	55.0,3,40,60	117.0,3,39,60	68.0,3,40,60	250.0,3,38,59	161.0,3,39,59	187.0,3,39,59	273.0,3,38,59	500.0,4,35,57	254.0,3,38,59	483.0,3,36,57	176.0,3,39,59	0.0,3,40,60	0.0,3,40,60	0.0,3,40,60	0.0,3,40,60	0.0,3,40,60	0.0,3,40,60	0.0,3,40,60	0.0,3,40,60	0.0,3,40,60	0.0,3,40,60	0.0,3,40,60	0.0,3,40,60	0.0,3,40,60	0.0,3,40,60	0.0,3,40,60	0.0,3,40,60	0.0,3,40,60	0.0,3,40,60	0.0,3,40,60	0.0,3,40,60	0.0,3,40,60	0.0,3,40,60	0.0,3,40,60
0.0,3,40,60	0.0,3,40,60	0.0,3,40,60	0.0,3,40,60	0.0,3,40,60	0.0,3,40,60	0.0,3,40,60	0.0,3,40,60	0.0,3,40,60	0.0,3,40,60	0.0,3,40,60	0.0,3,40,60	0.0,3,40,60	0.0,3,40,60	0.0,3,40,60	0.0,3,40,60	0.0,3,40,60	0.0,3,40,60	0.0,3,40,60	0.0,3,40,60	0.0,3,40,60	0.0,3,40,60	0.0,3,40,60	98.0,3,40,60	151.0,3,39,59	11.0,3,40,60	93.0,3,40,60	162.0,3,39,59	115.0,3,39,60	59.0,3,40,60	227.0,3,38,59	147.0,3,39,60	266.0,3,38,59	177.0,3,39,59	230.0,3,38,59	209.0,3,38,59	522.0,4,35,57	116.0,3,39,60	506.0,4,35,57	191.0,3,39,59	166.0,3,39,59	207.0,3,38,59	436.0,3,36,58	346.0,3,37,58	574.0,4,35,57	602.0,4,34,56	230.0,3,38,59	0.0,3,40,60	0.0,3,40,60	0.0,3,40,60	0.0,3,40,60	0.0,3,40,60	0.0,3,40,60	0.0,3,40,60	0.0,3,40,60	0.0,3,40,60	0.0,3,40,60	0.0,3,40,60	0.0,3,40,60	0.0,3,40,60	0.0,3,40,60	0.0,3,40,60	0.0,3,40,60	0.0,3,40,60	0.0,3,40,60	0.0,3,40,60	0.0,3,40,60	0.0,3,40,60	0.0,3,40,60	0.0,3,40,60
0.0,3,40,60	0.0,3,40,60	0.0,3,40,60	0.0,3,40,60	0.0,3,40,60	0.0,3,40,60	0.0,3,40,60	0.0,3,40,60	0.0,3,40,60	0.0,3,40,60	0.0,3,40,60	0.0,3,40,60	0.0,3,40,60	0.0,3,40,60	0.0,3,40,60	0.0,3,40,60	0.0,3,40,60	0.0,3,40,60	0.0,3,40,60	0.0,3,40,60	0.0,3,40,60	0.0,3,40,60	15.0,3,40,60	187.0,3,39,59	66.0,3,40,60	6.0,3,40,60	14.0,3,40,60	63.0,3,40,60	177.0,3,39,59	232.0,3,38,59	254.0,3,38,59	421.0,3,36,58	178.0,3,39,59	242.0,3,38,59	305.0,3,37,58	288.0,3,38,59	95.0,3,40,60	124.0,3,39,60	32.0,3,40,60	64.0,3,40,60	161.0,3,39,59	163.0,3,39,59	376.0,3,37,58	775.0,4,33,55	216.0,3,38,59	555.0,4,35,57	57.0,3,40,60	0.0,3,40,60	0.0,3,40,60	0.0,3,40,60	0.0,3,40,60	0.0,3,40,60	0.0,3,40,60	0.0,3,40,60	0.0,3,40,60	0.0,3,40,60	0.0,3,40,60	0.0,3,40,60	0.0,3,40,60	0.0,3,40,60	0.0,3,40,60	0.0,3,40,60	0.0,3,40,60	0.0,3,40,60	0.0,3,40,60	0.0,3,40,60	0.0,3,40,60	0.0,3,40,60	0.0,3,40,60	0.0,3,40,60
0.0,3,40,60	0.0,3,40,60	0.0,3,40,60	0.0,3,40,60	0.0,3,40,60	0.0,3,40,60	0.0,3,40,60	0.0,3,40,60	0.0,3,40,60	0.0,3,40,60	0.0,3,40,60	0.0,3,40,60	0.0,3,40,60	0.0,3,40,60	0.0,3,40,60	0.0,3,40,60	0.0,3,40,60	0.0,3,40,60	0.0,3,40,60	0.0,3,40,60	0.0,3,40,60	0.0,3,40,60	6.0,3,40,60	5.0,3,40,60	4.0,3,40,60	20.0,3,40,60	20.0,3,40,60	264.0,3,38,59	135.0,3,39,60	348.0,3,37,58	259.0,3,38,59	270.0,3,38,59	261.0,3,38,59	601.0,4,34,56	773.0,4,33,55	110.0,3,39,60	389.0,3,37,58	675.0,4,34,56	24.0,3,40,60	260.0,3,38,59	345.0,3,37,58	251.0,3,38,59	151.0,3,39,59	111.0,3,39,60	415.0,3,36,58	120.0,3,39,60	92.0,3,40,60	0.0,3,40,60	116.0,3,39,60	0.0,3,40,60	0.0,3,40,60	0.0,3,40,60	0.0,3,40,60	0.0,3,40,60	0.0,3,40,60	0.0,3,40,60	0.0,3,40,60	0.0,3,40,60	0.0,3,40,60	0.0,3,40,60	0.0,3,40,60	0.0,3,40,60	0.0,3,40,60	0.0,3,40,60	0.0,3,40,60	0.0,3,40,60	0.0,3,40,60	0.0,3,40,60	0.0,3,40,60	0.0,3,40,60
0.0,3,40,60	0.0,3,40,60	0.0,3,40,60	0.0,3,40,60	0.0,3,40,60	0.0,3,40,60	0.0,3,40,60	0.0,3,40,60	0.0,3,40,60	0.0,3,40,60	0.0,3,40,60	0.0,3,40,60	0.0,3,40,60	0.0,3,40,60	0.0,3,40,60	0.0,3,40,60	0.0,3,40,60	0.0,3,40,60	0.0,3,40,60	0.0,3,40,60	0.0,3,40,60	0.0,3,40,60	0.0,3,40,60	5.0,3,40,60	4.0,3,40,60	4.0,3,40,60	8.0,3,40,60	19.0,3,40,60	439.0,3,36,58	1010.0,5,30,54	251.0,3,38,59	336.0,3,37,58	502.0,4,35,57	750.0,4,33,55	399.0,3,37,58	445.0,3,36,58	200.0,3,38,59	38.0,3,40,60	17.0,3,40,60	102.0,3,39,60	36.0,3,40,60	379.0,3,37,58	61.0,3,40,60	226.0,3,38,59	273.0,3,38,59	173.0,3,39,59	495.0,3,36,57	92.0,3,40,60	0.0,3,40,60	0.0,3,40,60	0.0,3,40,60	0.0,3,40,60	0.0,3,40,60	0.0,3,40,60	0.0,3,40,60	0.0,3,40,60	0.0,3,40,60	0.0,3,40,60	0.0,3,40,60	0.0,3,40,60	0.0,3,40,60	0.0,3,40,60	0.0,3,40,60	0.0,3,40,60	0.0,3,40,60	0.0,3,40,60	0.0,3,40,60	0.0,3,40,60	0.0,3,40,60	0.0,3,40,60
0.0,3,40,60	0.0,3,40,60	0.0,3,40,60	0.0,3,40,60	0.0,3,40,60	0.0,3,40,60	0.0,3,40,60	0.0,3,40,60	0.0,3,40,60	0.0,3,40,60	0.0,3,40,60	0.0,3,40,60	0.0,3,40,60	0.0,3,40,60	0.0,3,40,60	0.0,3,40,60	0.0,3,40,60	0.0,3,40,60	0.0,3,40,60	0.0,3,40,60	0.0,3,40,60	0.0,3,40,60	0.0,3,40,60	2.0,3,40,60	3.0,3,40,60	9.0,3,40,60	44.0,3,40,60	54.0,3,40,60	319.0,3,37,58	379.0,3,37,58	447.0,3,36,58	495.0,3,36,57	904.0,4,31,54	421.0,3,36,58	584.0,4,35,57	790.0,4,33,55	508.0,4,35,57	123.0,3,39,60	18.0,3,40,60	125.0,3,39,60	158.0,3,39,59	414.0,3,36,58	80.0,3,40,60	313.0,3,37,58	548.0,4,35,57	269.0,3,38,59	208.0,3,38,59	86.0,3,40,60	0.0,3,40,60	0.0,3,40,60	0.0,3,40,60	0.0,3,40,60	0.0,3,40,60	0.0,3,40,60	0.0,3,40,60	0.0,3,40,60	0.0,3,40,60	0.0,3,40,60	0.0,3,40,60	0.0,3,40,60	0.0,3,40,60	0.0,3,40,60	0.0,3,40,60	0.0,3,40,60	0.0,3,40,60	0.0,3,40,60	0.0,3,40,60	0.0,3,40,60	0.0,3,40,60	0.0,3,40,60
0.0,3,40,60	0.0,3,40,60	0.0,3,40,60	0.0,3,40,60	0.0,3,40,60	0.0,3,40,60	0.0,3,40,60	0.0,3,40,60	0.0,3,40,60	0.0,3,40,60	0.0,3,40,60	0.0,3,40,60	0.0,3,40,60	0.0,3,40,60	0.0,3,40,60	0.0,3,40,60	0.0,3,40,60	0.0,3,40,60	0.0,3,40,60	0.0,3,40,60	0.0,3,40,60	0.0,3,40,60	155.0,3,39,59	31.0,3,40,60	15.0,3,40,60	42.0,3,40,60	249.0,3,38,59	395.0,3,37,58	240.0,3,38,59	418.0,3,36,58	1037.0,5,30,54	590.0,4,35,57	609.0,4,34,56	464.0,3,36,57	175.0,3,39,59	458.0,3,36,57	463.0,3,36,57	207.0,3,38,59	15.0,3,40,60	291.0,3,38,59	116.0,3,39,60	193.0,3,39,59	173.0,3,39,59	714.0,4,33,56	597.0,4,35,57	239.0,3,38,59	32.0,3,40,60	102.0,3,39,60	0.0,3,40,60	0.0,3,40,60	0.0,3,40,60	0.0,3,40,60	0.0,3,40,60	0.0,3,40,60	0.0,3,40,60	0.0,3,40,60	0.0,3,40,60	0.0,3,40,60	0.0,3,40,60	0.0,3,40,60	0.0,3,40,60	0.0,3,40,60	0.0,3,40,60	0.0,3,40,60	0.0,3,40,60	0.0,3,40,60	0.0,3,40,60	0.0,3,40,60	0.0,3,40,60	0.0,3,40,60
0.0,3,40,60	0.0,3,40,60	0.0,3,40,60	0.0,3,40,60	0.0,3,40,60	0.0,3,40,60	0.0,3,40,60	0.0,3,40,60	0.0,3,40,60	0.0,3,40,60	0.0,3,40,60	0.0,3,40,60	0.0,3,40,60	0.0,3,40,60	0.0,3,40,60	0.0,3,40,60	0.0,3,40,60	0.0,3,40,60	0.0,3,40,60	0.0,3,40,60	0.0,3,40,60	0.0,3,40,60	3.0,3,40,60	9.0,3,40,60	31.0,3,40,60	151.0,3,39,59	213.0,3,38,59	508.0,4,35,57	305.0,3,37,58	150.0,3,39,59	481.0,3,36,57	492.0,3,36,57	189.0,3,39,59	380.0,3,37,58	521.0,4,35,57	331.0,3,37,58	32.0,3,40,60	84.0,3,40,60	56.0,3,40,60	393.0,3,37,58	165.0,3,39,59	223.0,3,38,59	294.0,3,38,59	668.0,4,34,56	144.0,3,39,60	442.0,3,36,58	15.0,3,40,60	5.0,3,40,60	0.0,3,40,60	0.0,3,40,60	0.0,3,40,60	0.0,3,40,60	0.0,3,40,60	0.0,3,40,60	0.0,3,40,60	0.0,3,40,60	0.0,3,40,60	0.0,3,40,60	0.0,3,40,60	0.0,3,40,60	0.0,3,40,60	0.0,3,40,60	0.0,3,40,60	0.0,3,40,60	0.0,3,40,60	0.0,3,40,60	0.0,3,40,60	0.0,3,40,60	0.0,3,40,60	0.0,3,40,60
0.0,3,40,60	0.0,3,40,60	0.0,3,40,60	0.0,3,40,60	0.0,3,40,60	0.0,3,40,60	0.0,3,40,60	0.0,3,40,60	0.0,3,40,60	0.0,3,40,60	0.0,3,40,60	0.0,3,40,60	0.0,3,40,60	0.0,3,40,60	0.0,3,40,60	0.0,3,40,60	0.0,3,40,60	0.0,3,40,60	0.0,3,40,60	0.0,3,40,60	0.0,3,40,60	47.0,3,40,60	113.0,3,39,60	62.0,3,40,60	137.0,3,39,60	105.0,3,39,60	127.0,3,39,60	225.0,3,38,59	210.0,3,38,59	98.0,3,40,60	471.0,3,36,57	513.0,4,35,57	410.0,3,36,58	167.0,3,39,59	352.0,3,37,58	242.0,3,38,59	220.0,3,38,59	147.0,3,39,60	133.0,3,39,60	44.0,3,40,60	120.0,3,39,60	50.0,3,40,60	6.0,3,40,60	555.0,4,35,57	794.0,4,33,55	535.0,4,35,57	43.0,3,40,60	0.0,3,40,60	0.0,3,40,60	0.0,3,40,60	0.0,3,40,60	0.0,3,40,60	0.0,3,40,60	0.0,3,40,60	0.0,3,40,60	0.0,3,40,60	0.0,3,40,60	0.0,3,40,60	0.0,3,40,60	0.0,3,40,60	0.0,3,40,60	0.0,3,40,60	0.0,3,40,60	0.0,3,40,60	0.0,3,40,60	0.0,3,40,60	0.0,3,40,60	0.0,3,40,60	0.0,3,40,60	0.0,3,40,60
0.0,3,40,60	0.0,3,40,60	0.0,3,40,60	0.0,3,40,60	0.0,3,40,60	0.0,3,40,60	0.0,3,40,60	0.0,3,40,60	0.0,3,40,60	0.0,3,40,60	0.0,3,40,60	0.0,3,40,60	0.0,3,40,60	0.0,3,40,60	0.0,3,40,60	0.0,3,40,60	0.0,3,40,60	0.0,3,40,60	0.0,3,40,60	0.0,3,40,60	0.0,3,40,60	7.0,3,40,60	21.0,3,40,60	214.0,3,38,59	116.0,3,39,60	55.0,3,40,60	152.0,3,39,59	122.0,3,39,60	490.0,3,36,57	235.0,3,38,59	263.0,3,38,59	782.0,4,33,55	1032.0,5,30,54	163.0,3,39,59	96.0,3,40,60	191.0,3,39,59	154.0,3,39,59	8.0,3,40,60	18.0,3,40,60	36.0,3,40,60	143.0,3,39,60	90.0,3,40,60	114.0,3,39,60	3.0,3,40,60	103.0,3,39,60	153.0,3,39,59	0.0,3,40,60	0.0,3,40,60	0.0,3,40,60	0.0,3,40,60	0.0,3,40,60	0.0,3,40,60	0.0,3,40,60	0.0,3,40,60	0.0,3,40,60	0.0,3,40,60	0.0,3,40,60	0.0,3,40,60	0.0,3,40,60	0.0,3,40,60	0.0,3,40,60	0.0,3,40,60	0.0,3,40,60	0.0,3,40,60	0.0,3,40,60	0.0,3,40,60	0.0,3,40,60	0.0,3,40,60	0.0,3,40,60	0.0,3,40,60
0.0,3,40,60	0.0,3,40,60	0.0,3,40,60	0.0,3,40,60	0.0,3,40,60	0.0,3,40,60	0.0,3,40,60	0.0,3,40,60	0.0,3,40,60	0.0,3,40,60	0.0,3,40,60	0.0,3,40,60	0.0,3,40,60	0.0,3,40,60	0.0,3,40,60	0.0,3,40,60	0.0,3,40,60	0.0,3,40,60	0.0,3,40,60	0.0,3,40,60	0.0,3,40,60	39.0,3,40,60	97.0,3,40,60	97.0,3,40,60	18.0,3,40,60	66.0,3,40,60	494.0,3,36,57	373.0,3,37,58	266.0,3,38,59	71.0,3,40,60	381.0,3,37,58	527.0,4,35,57	28.0,3,40,60	235.0,3,38,59	125.0,3,39,60	118.0,3,39,60	91.0,3,40,60	47.0,3,40,60	178.0,3,39,59	215.0,3,38,59	6.0,3,40,60	423.0,3,36,58	2.0,3,40,60	3.0,3,40,60	203.0,3,38,59	0.0,3,40,60	0.0,3,40,60	0.0,3,40,60	0.0,3,40,60	0.0,3,40,60	0.0,3,40,60	0.0,3,40,60	0.0,3,40,60	0.0,3,40,60	0.0,3,40,60	0.0,3,40,60	0.0,3,40,60	0.0,3,40,60	0.0,3,40,60	0.0,3,40,60	0.0,3,40,60	0.0,3,40,60	0.0,3,40,60	0.0,3,40,60	0.0,3,40,60	0.0,3,40,60	0.0,3,40,60	0.0,3,40,60	0.0,3,40,60	0.0,3,40,60
0.0,3,40,60	0.0,3,40,60	0.0,3,40,60	0.0,3,40,60	0.0,3,40,60	0.0,3,40,60	0.0,3,40,60	0.0,3,40,60	0.0,3,40,60	0.0,3,40,60	0.0,3,40,60	0.0,3,40,60	0.0,3,40,60	0.0,3,40,60	0.0,3,40,60	0.0,3,40,60	0.0,3,40,60	0.0,3,40,60	0.0,3,40,60	0.0,3,40,60	0.0,3,40,60	20.0,3,40,60	13.0,3,40,60	235.0,3,38,59	41.0,3,40,60	95.0,3,40,60	69.0,3,40,60	155.0,3,39,59	101.0,3,39,60	242.0,3,38,59	148.0,3,39,60	265.0,3,38,59	139.0,3,39,60	63.0,3,40,60	34.0,3,40,60	19.0,3,40,60	187.0,3,39,59	116.0,3,39,60	121.0,3,39,60	0.0,3,40,60	0.0,3,40,60	0.0,3,40,60	0.0,3,40,60	0.0,3,40,60	0.0,3,40,60	0.0,3,40,60	0.0,3,40,60	0.0,3,40,60	0.0,3,40,60	0.0,3,40,60	0.0,3,40,60	0.0,3,40,60	0.0,3,40,60	0.0,3,40,60	0.0,3,40,60	0.0,3,40,60	0.0,3,40,60	0.0,3,40,60	0.0,3,40,60	0.0,3,40,60	0.0,3,40,60	0.0,3,40,60	0.0,3,40,60	0.0,3,40,60	0.0,3,40,60	0.0,3,40,60	0.0,3,40,60	0.0,3,40,60	0.0,3,40,60	0.0,3,40,60
0.0,3,40,60	0.0,3,40,60	0.0,3,40,60	0.0,3,40,60	0.0,3,40,60	0.0,3,40,60	0.0,3,40,60	0.0,3,40,60	0.0,3,40,60	0.0,3,40,60	0.0,3,40,60	0.0,3,40,60	0.0,3,40,60	0.0,3,40,60	0.0,3,40,60	0.0,3,40,60	0.0,3,40,60	0.0,3,40,60	0.0,3,40,60	0.0,3,40,60	18.0,3,40,60	56.0,3,40,60	9.0,3,40,60	50.0,3,40,60	77.0,3,40,60	216.0,3,38,59	156.0,3,39,59	130.0,3,39,60	368.0,3,37,58	159.0,3,39,59	31.0,3,40,60	7.0,3,40,60	0.0,3,40,60	0.0,3,40,60	0.0,3,40,60	0.0,3,40,60	51.0,3,40,60	0.0,3,40,60	10.0,3,40,60	222.0,3,38,59	7.0,3,40,60	0.0,3,40,60	0.0,3,40,60	0.0,3,40,60	0.0,3,40,60	0.0,3,40,60	0.0,3,40,60	0.0,3,40,60	0.0,3,40,60	0.0,3,40,60	0.0,3,40,60	0.0,3,40,60	0.0,3,40,60	0.0,3,40,60	0.0,3,40,60	0.0,3,40,60	0.0,3,40,60	0.0,3,40,60	0.0,3,40,60	0.0,3,40,60	0.0,3,40,60	0.0,3,40,60	0.0,3,40,60	0.0,3,40,60	0.0,3,40,60	0.0,3,40,60	0.0,3,40,60	0.0,3,40,60	0.0,3,40,60	0.0,3,40,60
0.0,3,40,60	0.0,3,40,60	0.0,3,40,60	0.0,3,40,60	0.0,3,40,60	0.0,3,40,60	0.0,3,40,60	0.0,3,40,60	0.0,3,40,60	0.0,3,40,60	0.0,3,40,60	0.0,3,40,60	0.0,3,40,60	0.0,3,40,60	0.0,3,40,60	0.0,3,40,60	0.0,3,40,60	3.0,3,40,60	0.0,3,40,60	0.0,3,40,60	2.0,3,40,60	3.0,3,40,60	77.0,3,40,60	271.0,3,38,59	250.0,3,38,59	321.0,3,37,58	296.0,3,38,59	121.0,3,39,60	0.0,3,40,60	4.0,3,40,60	0.0,3,40,60	5.0,3,40,60	84.0,3,40,60	0.0,3,40,60	0.0,3,40,60	0.0,3,40,60	0.0,3,40,60	0.0,3,40,60	120.0,3,39,60	0.0,3,40,60	9.0,3,40,60	0.0,3,40,60	0.0,3,40,60	0.0,3,40,60	0.0,3,40,60	0.0,3,40,60	0.0,3,40,60	0.0,3,40,60	0.0,3,40,60	0.0,3,40,60	0.0,3,40,60	0.0,3,40,60	0.0,3,40,60	0.0,3,40,60	0.0,3,40,60	0.0,3,40,60	0.0,3,40,60	0.0,3,40,60	0.0,3,40,60	0.0,3,40,60	0.0,3,40,60	0.0,3,40,60	0.0,3,40,60	0.0,3,40,60	0.0,3,40,60	0.0,3,40,60	0.0,3,40,60	0.0,3,40,60	0.0,3,40,60	205.0,3,38,59
0.0,3,40,60	0.0,3,40,60	0.0,3,40,60	0.0,3,40,60	0.0,3,40,60	0.0,3,40,60	0.0,3,40,60	0.0,3,40,60	0.0,3,40,60	0.0,3,40,60	0.0,3,40,60	0.0,3,40,60	1.0,3,40,60	0.0,3,40,60	0.0,3,40,60	0.0,3,40,60	0.0,3,40,60	0.0,3,40,60	0.0,3,40,60	0.0,3,40,60	25.0,3,40,60	16.0,3,40,60	0.0,3,40,60	118.0,3,39,60	16.0,3,40,60	208.0,3,38,59	32.0,3,40,60	0.0,3,40,60	40.0,3,40,60	113.0,3,39,60	0.0,3,40,60	0.0,3,40,60	0.0,3,40,60	0.0,3,40,60	0.0,3,40,60	0.0,3,40,60	0.0,3,40,60	0.0,3,40,60	0.0,3,40,60	0.0,3,40,60	0.0,3,40,60	0.0,3,40,60	0.0,3,40,60	0.0,3,40,60	0.0,3,40,60	0.0,3,40,60	26.0,3,40,60	80.0,3,40,60	0.0,3,40,60	0.0,3,40,60	0.0,3,40,60	0.0,3,40,60	0.0,3,40,60	0.0,3,40,60	0.0,3,40,60	0.0,3,40,60	0.0,3,40,60	0.0,3,40,60	0.0,3,40,60	0.0,3,40,60	0.0,3,40,60	0.0,3,40,60	0.0,3,40,60	0.0,3,40,60	0.0,3,40,60	0.0,3,40,60	25.0,3,40,60	77.0,3,40,60	240.0,3,38,59	275.0,3,38,59
0.0,3,40,60	0.0,3,40,60	0.0,3,40,60	0.0,3,40,60	0.0,3,40,60	0.0,3,40,60	0.0,3,40,60	0.0,3,40,60	0.0,3,40,60	0.0,3,40,60	0.0,3,40,60	0.0,3,40,60	0.0,3,40,60	0.0,3,40,60	0.0,3,40,60	0.0,3,40,60	0.0,3,40,60	0.0,3,40,60	0.0,3,40,60	0.0,3,40,60	24.0,3,40,60	0.0,3,40,60	3.0,3,40,60	136.0,3,39,60	0.0,3,40,60	238.0,3,38,59	0.0,3,40,60	93.0,3,40,60	0.0,3,40,60	331.0,3,37,58	0.0,3,40,60	0.0,3,40,60	0.0,3,40,60	0.0,3,40,60	0.0,3,40,60	0.0,3,40,60	0.0,3,40,60	0.0,3,40,60	0.0,3,40,60	0.0,3,40,60	0.0,3,40,60	0.0,3,40,60	0.0,3,40,60	0.0,3,40,60	0.0,3,40,60	0.0,3,40,60	139.0,3,39,60	0.0,3,40,60	0.0,3,40,60	0.0,3,40,60	0.0,3,40,60	0.0,3,40,60	0.0,3,40,60	0.0,3,40,60	0.0,3,40,60	0.0,3,40,60	0.0,3,40,60	0.0,3,40,60	0.0,3,40,60	0.0,3,40,60	0.0,3,40,60	0.0,3,40,60	0.0,3,40,60	0.0,3,40,60	0.0,3,40,60	386.0,3,37,58	322.0,3,37,58	308.0,3,37,58	443.0,3,36,58	399.0,3,37,58
0.0,3,40,60	0.0,3,40,60	0.0,3,40,60	0.0,3,40,60	0.0,3,40,60	0.0,3,40,60	0.0,3,40,60	0.0,3,40,60	0.0,3,40,60	0.0,3,40,60	0.0,3,40,60	0.0,3,40,60	0.0,3,40,60	0.0,3,40,60	0.0,3,40,60	0.0,3,40,60	0.0,3,40,60	0.0,3,40,60	0.0,3,40,60	28.0,3,40,60	0.0,3,40,60	0.0,3,40,60	42.0,3,40,60	12.0,3,40,60	5.0,3,40,60	22.0,3,40,60	0.0,3,40,60	0.0,3,40,60	16.0,3,40,60	0.0,3,40,60	0.0,3,40,60	0.0,3,40,60	0.0,3,40,60	0.0,3,40,60	0.0,3,40,60	0.0,3,40,60	0.0,3,40,60	0.0,3,40,60	0.0,3,40,60	0.0,3,40,60	0.0,3,40,60	0.0,3,40,60	0.0,3,40,60	0.0,3,40,60	0.0,3,40,60	0.0,3,40,60	136.0,3,39,60	0.0,3,40,60	0.0,3,40,60	0.0,3,40,60	0.0,3,40,60	0.0,3,40,60	0.0,3,40,60	0.0,3,40,60	0.0,3,40,60	0.0,3,40,60	0.0,3,40,60	0.0,3,40,60	0.0,3,40,60	0.0,3,40,60	0.0,3,40,60	124.0,3,39,60	0.0,3,40,60	0.0,3,40,60	3.0,3,40,60	372.0,3,37,58	592.0,4,35,57	664.0,4,34,56	315.0,3,37,58	537.0,4,35,57
0.0,3,40,60	0.0,3,40,60	0.0,3,40,60	0.0,3,40,60	0.0,3,40,60	0.0,3,40,60	0.0,3,40,60	0.0,3,40,60	0.0,3,40,60	0.0,3,40,60	0.0,3,40,60	0.0,3,40,60	0.0,3,40,60	0.0,3,40,60	0.0,3,40,60	0.0,3,40,60	0.0,3,40,60	0.0,3,40,60	0.0,3,40,60	0.0,3,40,60	0.0,3,40,60	0.0,3,40,60	0.0,3,40,60	0.0,3,40,60	0.0,3,40,60	0.0,3,40,60	0.0,3,40,60	0.0,3,40,60	0.0,3,40,60	0.0,3,40,60	0.0,3,40,60	0.0,3,40,60	0.0,3,40,60	0.0,3,40,60	0.0,3,40,60	0.0,3,40,60	0.0,3,40,60	0.0,3,40,60	0.0,3,40,60	0.0,3,40,60	0.0,3,40,60	0.0,3,40,60	0.0,3,40,60	0.0,3,40,60	0.0,3,40,60	34.0,3,40,60	0.0,3,40,60	0.0,3,40,60	0.0,3,40,60	0.0,3,40,60	0.0,3,40,60	0.0,3,40,60	0.0,3,40,60	0.0,3,40,60	0.0,3,40,60	0.0,3,40,60	0.0,3,40,60	0.0,3,40,60	0.0,3,40,60	0.0,3,40,60	197.0,3,39,59	319.0,3,37,58	243.0,3,38,59	380.0,3,37,58	630.0,4,34,56	324.0,3,37,58	155.0,3,39,59	767.0,4,33,55	934.0,4,31,54	311.0,3,37,58
0.0,3,40,60	0.0,3,40,60	0.0,3,40,60	0.0,3,40,60	0.0,3,40,60	0.0,3,40,60	0.0,3,40,60	0.0,3,40,60	0.0,3,40,60	0.0,3,40,60	0.0,3,40,60	0.0,3,40,60	0.0,3,40,60	0.0,3,40,60	0.0,3,40,60	0.0,3,40,60	0.0,3,40,60	0.0,3,40,60	0.0,3,40,60	0.0,3,40,60	0.0,3,40,60	0.0,3,40,60	316.0,3,37,58	69.0,3,40,60	0.0,3,40,60	0.0,3,40,60	0.0,3,40,60	0.0,3,40,60	0.0,3,40,60	0.0,3,40,60	0.0,3,40,60	0.0,3,40,60	0.0,3,40,60	0.0,3,40,60	0.0,3,40,60	0.0,3,40,60	0.0,3,40,60	0.0,3,40,60	0.0,3,40,60	0.0,3,40,60	0.0,3,40,60	0.0,3,40,60	0.0,3,40,60	0.0,3,40,60	0.0,3,40,60	257.0,3,38,59	0.0,3,40,60	0.0,3,40,60	0.0,3,40,60	0.0,3,40,60	0.0,3,40,60	0.0,3,40,60	0.0,3,40,60	0.0,3,40,60	0.0,3,40,60	0.0,3,40,60	0.0,3,40,60	0.0,3,40,60	0.0,3,40,60	0.0,3,40,60	266.0,3,38,59	239.0,3,38,59	333.0,3,37,58	59.0,3,40,60	45.0,3,40,60	232.0,3,38,59	431.0,3,36,58	386.0,3,37,58	252.0,3,38,59	391.0,3,37,58
0.0,3,40,60	0.0,3,40,60	0.0,3,40,60	0.0,3,40,60	0.0,3,40,60	0.0,3,40,60	0.0,3,40,60	0.0,3,40,60	0.0,3,40,60	0.0,3,40,60	0.0,3,40,60	0.0,3,40,60	0.0,3,40,60	0.0,3,40,60	0.0,3,40,60	0.0,3,40,60	0.0,3,40,60	0.0,3,40,60	0.0,3,40,60	0.0,3,40,60	0.0,3,40,60	0.0,3,40,60	0.0,3,40,60	0.0,3,40,60	0.0,3,40,60	0.0,3,40,60	0.0,3,40,60	0.0,3,40,60	0.0,3,40,60	0.0,3,40,60	0.0,3,40,60	0.0,3,40,60	0.0,3,40,60	0.0,3,40,60	0.0,3,40,60	0.0,3,40,60	0.0,3,40,60	0.0,3,40,60	0.0,3,40,60	0.0,3,40,60	0.0,3,40,60	0.0,3,40,60	0.0,3,40,60	0.0,3,40,60	0.0,3,40,60	0.0,3,40,60	0.0,3,40,60	0.0,3,40,60	0.0,3,40,60	0.0,3,40,60	0.0,3,40,60	0.0,3,40,60	0.0,3,40,60	0.0,3,40,60	0.0,3,40,60	0.0,3,40,60	0.0,3,40,60	0.0,3,40,60	0.0,3,40,60	0.0,3,40,60	31.0,3,40,60	0.0,3,40,60	20.0,3,40,60	65.0,3,40,60	0.0,3,40,60	2.0,3,40,60	0.0,3,40,60	0.0,3,40,60	78.0,3,40,60	51.0,3,40,60
0.0,3,40,60	0.0,3,40,60	0.0,3,40,60	0.0,3,40,60	0.0,3,40,60	0.0,3,40,60	0.0,3,40,60	0.0,3,40,60	0.0,3,40,60	0.0,3,40,60	0.0,3,40,60	0.0,3,40,60	0.0,3,40,60	0.0,3,40,60	0.0,3,40,60	0.0,3,40,60	0.0,3,40,60	0.0,3,40,60	0.0,3,40,60	0.0,3,40,60	0.0,3,40,60	0.0,3,40,60	0.0,3,40,60	0.0,3,40,60	0.0,3,40,60	0.0,3,40,60	0.0,3,40,60	0.0,3,40,60	0.0,3,40,60	0.0,3,40,60	0.0,3,40,60	0.0,3,40,60	0.0,3,40,60	0.0,3,40,60	0.0,3,40,60	0.0,3,40,60	0.0,3,40,60	0.0,3,40,60	0.0,3,40,60	0.0,3,40,60	0.0,3,40,60	0.0,3,40,60	0.0,3,40,60	0.0,3,40,60	0.0,3,40,60	0.0,3,40,60	0.0,3,40,60	0.0,3,40,60	0.0,3,40,60	0.0,3,40,60	0.0,3,40,60	0.0,3,40,60	0.0,3,40,60	0.0,3,40,60	0.0,3,40,60	0.0,3,40,60	0.0,3,40,60	0.0,3,40,60	16.0,3,40,60	15.0,3,40,60	239.0,3,38,59	0.0,3,40,60	0.0,3,40,60	0.0,3,40,60	0.0,3,40,60	0.0,3,40,60	0.0,3,40,60	0.0,3,40,60	0.0,3,40,60	0.0,3,40,60
0.0,3,40,60	0.0,3,40,60	0.0,3,40,60	0.0,3,40,60	0.0,3,40,60	0.0,3,40,60	0.0,3,40,60	0.0,3,40,60	0.0,3,40,60	0.0,3,40,60	0.0,3,40,60	0.0,3,40,60	0.0,3,40,60	0.0,3,40,60	0.0,3,40,60	0.0,3,40,60	0.0,3,40,60	0.0,3,40,60	0.0,3,40,60	0.0,3,40,60	0.0,3,40,60	0.0,3,40,60	0.0,3,40,60	0.0,3,40,60	0.0,3,40,60	0.0,3,40,60	0.0,3,40,60	0.0,3,40,60	0.0,3,40,60	0.0,3,40,60	0.0,3,40,60	0.0,3,40,60	0.0,3,40,60	0.0,3,40,60	0.0,3,40,60	0.0,3,40,60	0.0,3,40,60	0.0,3,40,60	0.0,3,40,60	0.0,3,40,60	0.0,3,40,60	0.0,3,40,60	0.0,3,40,60	0.0,3,40,60	0.0,3,40,60	0.0,3,40,60	0.0,3,40,60	0.0,3,40,60	0.0,3,40,60	-3.0,3,40,60	4.0,3,40,60	0.0,3,40,60	0.0,3,40,60	0.0,3,40,60	0.0,3,40,60	0.0,3,40,60	12.0,3,40,60	221.0,3,38,59	7.0,3,40,60	167.0,3,39,59	187.0,3,39,59	0.0,3,40,60	0.0,3,40,60	0.0,3,40,60	0.0,3,40,60	0.0,3,40,60	0.0,3,40,60	0.0,3,40,60	0.0,3,40,60	0.0,3,40,60
0.0,3,40,60	0.0,3,40,60	0.0,3,40,60	0.0,3,40,60	0.0,3,40,60	0.0,3,40,60	0.0,3,40,60	0.0,3,40,60	0.0,3,40,60	0.0,3,40,60	0.0,3,40,60	0.0,3,40,60	0.0,3,40,60	0.0,3,40,60	0.0,3,40,60	0.0,3,40,60	0.0,3,40,60	0.0,3,40,60	0.0,3,40,60	0.0,3,40,60	0.0,3,40,60	0.0,3,40,60	0.0,3,40,60	0.0,3,40,60	0.0,3,40,60	0.0,3,40,60	0.0,3,40,60	0.0,3,40,60	0.0,3,40,60	0.0,3,40,60	0.0,3,40,60	0.0,3,40,60	0.0,3,40,60	0.0,3,40,60	0.0,3,40,60	0.0,3,40,60	0.0,3,40,60	0.0,3,40,60	0.0,3,40,60	0.0,3,40,60	0.0,3,40,60	0.0,3,40,60	0.0,3,40,60	0.0,3,40,60	0.0,3,40,60	0.0,3,40,60	0.0,3,40,60	0.0,3,40,60	0.0,3,40,60	0.0,3,40,60	0.0,3,40,60	0.0,3,40,60	0.0,3,40,60	0.0,3,40,60	0.0,3,40,60	0.0,3,40,60	26.0,3,40,60	271.0,3,38,59	37.0,3,40,60	33.0,3,40,60	109.0,3,39,60	47.0,3,40,60	0.0,3,40,60	0.0,3,40,60	0.0,3,40,60	45.0,3,40,60	45.0,3,40,60	0.0,3,40,60	0.0,3,40,60	0.0,3,40,60
0.0,3,40,60	0.0,3,40,60	0.0,3,40,60	0.0,3,40,60	0.0,3,40,60	0.0,3,40,60	0.0,3,40,60	0.0,3,40,60	0.0,3,40,60	0.0,3,40,60	0.0,3,40,60	0.0,3,40,60	0.0,3,40,60	0.0,3,40,60	0.0,3,40,60	0.0,3,40,60	0.0,3,40,60	0.0,3,40,60	0.0,3,40,60	0.0,3,40,60	0.0,3,40,60	0.0,3,40,60	69.0,3,40,60	97.0,3,40,60	116.0,3,39,60	14.0,3,40,60	0.0,3,40,60	0.0,3,40,60	0.0,3,40,60	0.0,3,40,60	0.0,3,40,60	0.0,3,40,60	0.0,3,40,60	0.0,3,40,60	0.0,3,40,60	0.0,3,40,60	0.0,3,40,60	0.0,3,40,60	0.0,3,40,60	0.0,3,40,60	0.0,3,40,60	0.0,3,40,60	0.0,3,40,60	0.0,3,40,60	0.0,3,40,60	0.0,3,40,60	0.0,3,40,60	0.0,3,40,60	0.0,3,40,60	0.0,3,40,60	0.0,3,40,60	130.0,3,39,60	0.0,3,40,60	138.0,3,39,60	399.0,3,37,58	365.0,3,37,58	60.0,3,40,60	244.0,3,38,59	416.0,3,36,58	462.0,3,36,57	496.0,3,36,57	749.0,4,33,56	174.0,3,39,59	82.0,3,40,60	79.0,3,40,60	196.0,3,39,59	225.0,3,38,59	0.0,3,40,60	0.0,3,40,60	0.0,3,40,60
0.0,3,40,60	0.0,3,40,60	0.0,3,40,60	0.0,3,40,60	0.0,3,40,60	0.0,3,40,60	0.0,3,40,60	0.0,3,40,60	0.0,3,40,60	0.0,3,40,60	0.0,3,40,60	0.0,3,40,60	0.0,3,40,60	0.0,3,40,60	0.0,3,40,60	0.0,3,40,60	0.0,3,40,60	0.0,3,40,60	0.0,3,40,60	0.0,3,40,60	258.0,3,38,59	866.0,4,32,55	1341.0,5,27,52	449.0,3,36,58	162.0,3,39,59	0.0,3,40,60	0.0,3,40,60	0.0,3,40,60	0.0,3,40,60	0.0,3,40,60	0.0,3,40,60	0.0,3,40,60	0.0,3,40,60	0.0,3,40,60	0.0,3,40,60	0.0,3,40,60	0.0,3,40,60	0.0,3,40,60	0.0,3,40,60	0.0,3,40,60	0.0,3,40,60	0.0,3,40,60	0.0,3,40,60	0.0,3,40,60	0.0,3,40,60	0.0,3,40,60	0.0,3,40,60	0.0,3,40,60	0.0,3,40,60	0.0,3,40,60	0.0,3,40,60	84.0,3,40,60	298.0,3,38,59	681.0,4,34,56	213.0,3,38,59	438.0,3,36,58	30.0,3,40,60	10.0,3,40,60	26.0,3,40,60	119.0,3,39,60	501.0,4,35,57	324.0,3,37,58	358.0,3,37,58	215.0,3,38,59	341.0,3,37,58	57.0,3,40,60	0.0,3,40,60	0.0,3,40,60	0.0,3,40,60	0.0,3,40,60
0.0,3,40,60	0.0,3,40,60	0.0,3,40,60	0.0,3,40,60	0.0,3,40,60	0.0,3,40,60	0.0,3,40,60	0.0,3,40,60	0.0,3,40,60	0.0,3,40,60	0.0,3,40,60	0.0,3,40,60	0.0,3,40,60	0.0,3,40,60	0.0,3,40,60	0.0,3,40,60	0.0,3,40,60	0.0,3,40,60	0.0,3,40,60	11.0,3,40,60	82.0,3,40,60	102.0,3,39,60	63.0,3,40,60	0.0,3,40,60	0.0,3,40,60	0.0,3,40,60	0.0,3,40,60	0.0,3,40,60	0.0,3,40,60	0.0,3,40,60	0.0,3,40,60	0.0,3,40,60	0.0,3,40,60	0.0,3,40,60	0.0,3,40,60	0.0,3,40,60	0.0,3,40,60	0.0,3,40,60	0.0,3,40,60	0.0,3,40,60	0.0,3,40,60	0.0,3,40,60	0.0,3,40,60	0.0,3,40,60	32.0,3,40,60	0.0,3,40,60	0.0,3,40,60	75.0,3,40,60	0.0,3,40,60	186.0,3,39,59	641.0,4,34,56	117.0,3,39,60	255.0,3,38,59	105.0,3,39,60	1.0,3,40,60	0.0,3,40,60	15.0,3,40,60	191.0,3,39,59	286.0,3,38,59	512.0,4,35,57	164.0,3,39,59	361.0,3,37,58	450.0,3,36,57	685.0,4,34,56	558.0,4,35,57	146.0,3,39,60	7.0,3,40,60	0.0,3,40,60	76.0,3,40,60	0.0,3,40,60
0.0,3,40,60	0.0,3,40,60	0.0,3,40,60	0.0,3,40,60	0.0,3,40,60	0.0,3,40,60	0.0,3,40,60	0.0,3,40,60	0.0,3,40,60	0.0,3,40,60	0.0,3,40,60	0.0,3,40,60	0.0,3,40,60	0.0,3,40,60	0.0,3,40,60	0.0,3,40,60	0.0,3,40,60	0.0,3,40,60	0.0,3,40,60	0.0,3,40,60	0.0,3,40,60	0.0,3,40,60	0.0,3,40,60	0.0,3,40,60	0.0,3,40,60	0.0,3,40,60	0.0,3,40,60	0.0,3,40,60	0.0,3,40,60	0.0,3,40,60	0.0,3,40,60	0.0,3,40,60	0.0,3,40,60	0.0,3,40,60	0.0,3,40,60	0.0,3,40,60	0.0,3,40,60	0.0,3,40,60	0.0,3,40,60	0.0,3,40,60	0.0,3,40,60	0.0,3,40,60	0.0,3,40,60	0.0,3,40,60	130.0,3,39,60	0.0,3,40,60	0.0,3,40,60	0.0,3,40,60	0.0,3,40,60	17.0,3,40,60	2.0,3,40,60	105.0,3,39,60	77.0,3,40,60	-2.0,3,40,60	0.0,3,40,60	3.0,3,40,60	5.0,3,40,60	153.0,3,39,59	142.0,3,39,60	534.0,4,35,57	461.0,3,36,57	491.0,3,36,57	924.0,4,31,54	802.0,4,32,55	391.0,3,37,58	466.0,3,36,57	10.0,3,40,60	103.0,3,39,60	0.0,3,40,60	0.0,3,40,60
0.0,3,40,60	0.0,3,40,60	0.0,3,40,60	0.0,3,40,60	0.0,3,40,60	0.0,3,40,60	0.0,3,40,60	0.0,3,40,60	0.0,3,40,60	0.0,3,40,60	0.0,3,40,60	0.0,3,40,60	0.0,3,40,60	0.0,3,40,60	0.0,3,40,60	0.0,3,40,60	0.0,3,40,60	0.0,3,40,60	0.0,3,40,60	0.0,3,40,60	0.0,3,40,60	0.0,3,40,60	0.0,3,40,60	0.0,3,40,60	0.0,3,40,60	0.0,3,40,60	0.0,3,40,60	0.0,3,40,60	0.0,3,40,60	0.0,3,40,60	0.0,3,40,60	0.0,3,40,60	0.0,3,40,60	0.0,3,40,60	0.0,3,40,60	0.0,3,40,60	0.0,3,40,60	0.0,3,40,60	0.0,3,40,60	0.0,3,40,60	0.0,3,40,60	0.0,3,40,60	0.0,3,40,60	0.0,3,40,60	0.0,3,40,60	0.0,3,40,60	0.0,3,40,60	0.0,3,40,60	0.0,3,40,60	181.0,3,39,59	90.0,3,40,60	0.0,3,40,60	786.0,4,33,55	315.0,3,37,58	0.0,3,40,60	0.0,3,40,60	12.0,3,40,60	58.0,3,40,60	35.0,3,40,60	187.0,3,39,59	632.0,4,34,56	894.0,4,32,55	741.0,4,33,56	497.0,3,36,57	277.0,3,38,59	295.0,3,38,59	149.0,3,39,60	238.0,3,38,59	53.0,3,40,60	0.0,3,40,60
-data:
