radius:18.0
size:70^80
path:mongol_europe_70x80.txt
+data:
109.0,3,39,60	90.0,3,40,60	111.0,3,39,60	92.0,3,40,60	100.0,3,39,60	81.0,3,40,60	101.0,3,39,60	108.0,3,39,60	125.0,3,39,60	122.0,3,39,60	103.0,3,39,60	108.0,3,39,60	104.0,3,39,60	114.0,3,39,60	111.0,3,39,60	126.0,3,39,60	120.0,3,39,60	122.0,3,39,60	111.0,3,39,60	119.0,3,39,60	116.0,3,39,60	148.0,3,39,60	156.0,3,39,59	158.0,3,39,59	111.0,3,39,60	105.0,3,39,60	88.0,3,40,60	150.0,3,39,59	154.0,3,39,59	134.0,3,39,60	151.0,3,39,59	184.0,3,39,59	191.0,3,39,59	167.0,3,39,59	149.0,3,39,60	147.0,3,39,60	140.0,3,39,60	157.0,3,39,59	144.0,3,39,60	144.0,3,39,60	135.0,3,39,60	143.0,3,39,60	154.0,3,39,59	147.0,3,39,60	151.0,3,39,59	145.0,3,39,60	147.0,3,39,60	143.0,3,39,60	143.0,3,39,60	142.0,3,39,60	141.0,3,39,60	143.0,3,39,60	146.0,3,39,60	139.0,3,39,60	145.0,3,39,60	133.0,3,39,60	133.0,3,39,60	132.0,3,39,60	130.0,3,39,60	130.0,3,39,60	132.0,3,39,60	128.0,3,39,60	127.0,3,39,60	126.0,3,39,60	123.0,3,39,60	122.0,3,39,60	137.0,3,39,60	127.0,3,39,60	126.0,3,39,60	119.0,3,39,60	137.0,3,39,60	150.0,3,39,59	157.0,3,39,59	161.0,3,39,59	170.0,3,39,59	113.0,3,39,60	114.0,3,39,60	119.0,3,39,60	122.0,3,39,60	134.0,3,39,60
81.0,3,40,60	110.0,3,39,60	115.0,3,39,60	130.0,3,39,60	130.0,3,39,60	100.0,3,39,60	110.0,3,39,60	130.0,3,39,60	135.0,3,39,60	139.0,3,39,60	135.0,3,39,60	107.0,3,39,60	111.0,3,39,60	126.0,3,39,60	139.0,3,39,60	139.0,3,39,60	170.0,3,39,59	147.0,3,39,60	174.0,3,39,59	130.0,3,39,60	111.0,3,39,60	199.0,3,39,59	206.0,3,38,59	153.0,3,39,59	125.0,3,39,60	121.0,3,39,60	92.0,3,40,60	133.0,3,39,60	144.0,3,39,60	146.0,3,39,60	183.0,3,39,59	174.0,3,39,59	165.0,3,39,59	159.0,3,39,59	152.0,3,39,59	144.0,3,39,60	145.0,3,39,60	144.0,3,39,60	142.0,3,39,60	156.0,3,39,59	143.0,3,39,60	150.0,3,39,59	157.0,3,39,59	143.0,3,39,60	159.0,3,39,59	146.0,3,39,60	150.0,3,39,59	146.0,3,39,60	149.0,3,39,60	152.0,3,39,59	146.0,3,39,60	140.0,3,39,60	149.0,3,39,60	146.0,3,39,60	138.0,3,39,60	135.0,3,39,60	135.0,3,39,60	135.0,3,39,60	133.0,3,39,60	134.0,3,39,60	147.0,3,39,60	134.0,3,39,60	128.0,3,39,60	137.0,3,39,60	132.0,3,39,60	138.0,3,39,60	132.0,3,39,60	130.0,3,39,60	138.0,3,39,60	136.0,3,39,60	139.0,3,39,60	151.0,3,39,59	149.0,3,39,60	144.0,3,39,60	152.0,3,39,59	134.0,3,39,60	112.0,3,39,60	120.0,3,39,60	115.0,3,39,60	126.0,3,39,60
117.0,3,39,60	127.0,3,39,60	128.0,3,39,60	141.0,3,39,60	141.0,3,39,60	131.0,3,39,60	93.0,3,40,60	124.0,3,39,60	128.0,3,39,60	136.0,3,39,60	135.0,3,39,60	148.0,3,39,60	129.0,3,39,60	139.0,3,39,60	183.0,3,39,59	203.0,3,38,59	189.0,3,39,59	186.0,3,39,59	176.0,3,39,59	156.0,3,39,59	120.0,3,39,60	190.0,3,39,59	191.0,3,39,59	172.0,3,39,59	135.0,3,39,60	123.0,3,39,60	93.0,3,40,60	115.0,3,39,60	123.0,3,39,60	181.0,3,39,59	189.0,3,39,59	177.0,3,39,59	159.0,3,39,59	156.0,3,39,59	151.0,3,39,59	146.0,3,39,60	147.0,3,39,60	146.0,3,39,60	154.0,3,39,59	152.0,3,39,59	141.0,3,39,60	146.0,3,39,60	157.0,3,39,59	164.0,3,39,59	150.0,3,39,59	150.0,3,39,59	149.0,3,39,60	146.0,3,39,60	146.0,3,39,60	147.0,3,39,60	142.0,3,39,60	140.0,3,39,60	134.0,3,39,60	143.0,3,39,60	137.0,3,39,60	139.0,3,39,60	136.0,3,39,60	141.0,3,39,60	164.0,3,39,59	156.0,3,39,59	132.0,3,39,60	132.0,3,39,60	134.0,3,39,60	132.0,3,39,60	133.0,3,39,60	144.0,3,39,60	156.0,3,39,59	148.0,3,39,60	145.0,3,39,60	133.0,3,39,60	133.0,3,39,60	147.0,3,39,60	142.0,3,39,60	139.0,3,39,60	159.0,3,39,59	144.0,3,39,60	111.0,3,39,60	115.0,3,39,60	132.0,3,39,60	140.0,3,39,60
119.0,3,39,60	124.0,3,39,60	130.0,3,39,60	150.0,3,39,59	165.0,3,39,59	149.0,3,39,60	129.0,3,39,60	128.0,3,39,60	146.0,3,39,60	134.0,3,39,60	117.0,3,39,60	125.0,3,39,60	147.0,3,39,60	140.0,3,39,60	176.0,3,39,59	210.0,3,38,59	237.0,3,38,59	193.0,3,39,59	170.0,3,39,59	158.0,3,39,59	154.0,3,39,59	172.0,3,39,59	185.0,3,39,59	172.0,3,39,59	138.0,3,39,60	125.0,3,39,60	98.0,3,40,60	97.0,3,40,60	142.0,3,39,60	185.0,3,39,59	193.0,3,39,59	180.0,3,39,59	151.0,3,39,59	149.0,3,39,60	146.0,3,39,60	143.0,3,39,60	154.0,3,39,59	155.0,3,39,59	151.0,3,39,59	164.0,3,39,59	145.0,3,39,60	158.0,3,39,59	154.0,3,39,59	151.0,3,39,59	155.0,3,39,59	165.0,3,39,59	158.0,3,39,59	146.0,3,39,60	146.0,3,39,60	150.0,3,39,59	147.0,3,39,60	140.0,3,39,60	142.0,3,39,60	140.0,3,39,60	154.0,3,39,59	151.0,3,39,59	145.0,3,39,60	160.0,3,39,59	147.0,3,39,60	133.0,3,39,60	139.0,3,39,60	135.0,3,39,60	135.0,3,39,60	135.0,3,39,60	143.0,3,39,60	156.0,3,39,59	156.0,3,39,59	161.0,3,39,59	147.0,3,39,60	132.0,3,39,60	139.0,3,39,60	132.0,3,39,60	129.0,3,39,60	139.0,3,39,60	134.0,3,39,60	144.0,3,39,60	115.0,3,39,60	111.0,3,39,60	112.0,3,39,60	118.0,3,39,60
102.0,3,39,60	109.0,3,39,60	105.0,3,39,60	136.0,3,39,60	143.0,3,39,60	152.0,3,39,59	137.0,3,39,60	141.0,3,39,60	129.0,3,39,60	144.0,3,39,60	121.0,3,39,60	157.0,3,39,59	154.0,3,39,59	166.0,3,39,59	175.0,3,39,59	183.0,3,39,59	217.0,3,38,59	208.0,3,38,59	207.0,3,38,59	191.0,3,39,59	159.0,3,39,59	155.0,3,39,59	167.0,3,39,59	140.0,3,39,60	145.0,3,39,60	109.0,3,39,60	126.0,3,39,60	102.0,3,39,60	126.0,3,39,60	146.0,3,39,60	156.0,3,39,59	181.0,3,39,59	156.0,3,39,59	156.0,3,39,59	131.0,3,39,60	156.0,3,39,59	150.0,3,39,59	155.0,3,39,59	162.0,3,39,59	151.0,3,39,59	146.0,3,39,60	164.0,3,39,59	157.0,3,39,59	165.0,3,39,59	156.0,3,39,59	152.0,3,39,59	157.0,3,39,59	159.0,3,39,59	152.0,3,39,59	152.0,3,39,59	157.0,3,39,59	144.0,3,39,60	143.0,3,39,60	157.0,3,39,59	151.0,3,39,59	149.0,3,39,60	152.0,3,39,59	147.0,3,39,60	151.0,3,39,59	134.0,3,39,60	139.0,3,39,60	137.0,3,39,60	138.0,3,39,60	136.0,3,39,60	137.0,3,39,60	145.0,3,39,60	141.0,3,39,60	145.0,3,39,60	149.0,3,39,60	142.0,3,39,60	144.0,3,39,60	140.0,3,39,60	130.0,3,39,60	130.0,3,39,60	140.0,3,39,60	127.0,3,39,60	121.0,3,39,60	106.0,3,39,60	113.0,3,39,60	111.0,3,39,60
108.0,3,39,60	105.0,3,39,60	120.0,3,39,60	136.0,3,39,60	130.0,3,39,60	134.0,3,39,60	150.0,3,39,59	121.0,3,39,60	134.0,3,39,60	155.0,3,39,59	138.0,3,39,60	168.0,3,39,59	181.0,3,39,59	177.0,3,39,59	204.0,3,38,59	194.0,3,39,59	207.0,3,38,59	196.0,3,39,59	206.0,3,38,59	191.0,3,39,59	157.0,3,39,59	144.0,3,39,60	151.0,3,39,59	116.0,3,39,60	130.0,3,39,60	134.0,3,39,60	136.0,3,39,60	119.0,3,39,60	106.0,3,39,60	140.0,3,39,60	146.0,3,39,60	161.0,3,39,59	157.0,3,39,59	134.0,3,39,60	149.0,3,39,60	136.0,3,39,60	149.0,3,39,60	149.0,3,39,60	150.0,3,39,59	161.0,3,39,59	167.0,3,39,59	156.0,3,39,59	164.0,3,39,59	161.0,3,39,59	154.0,3,39,59	157.0,3,39,59	159.0,3,39,59	164.0,3,39,59	157.0,3,39,59	163.0,3,39,59	164.0,3,39,59	152.0,3,39,59	164.0,3,39,59	150.0,3,39,59	146.0,3,39,60	147.0,3,39,60	146.0,3,39,60	165.0,3,39,59	153.0,3,39,59	139.0,3,39,60	142.0,3,39,60	142.0,3,39,60	144.0,3,39,60	144.0,3,39,60	140.0,3,39,60	147.0,3,39,60	150.0,3,39,59	148.0,3,39,60	145.0,3,39,60	146.0,3,39,60	147.0,3,39,60	143.0,3,39,60	137.0,3,39,60	135.0,3,39,60	133.0,3,39,60	118.0,3,39,60	116.0,3,39,60	111.0,3,39,60	114.0,3,39,60	109.0,3,39,60
88.0,3,40,60	107.0,3,39,60	110.0,3,39,60	123.0,3,39,60	113.0,3,39,60	130.0,3,39,60	158.0,3,39,59	138.0,3,39,60	141.0,3,39,60	206.0,3,38,59	136.0,3,39,60	130.0,3,39,60	175.0,3,39,59	175.0,3,39,59	189.0,3,39,59	225.0,3,38,59	215.0,3,38,59	204.0,3,38,59	170.0,3,39,59	178.0,3,39,59	157.0,3,39,59	137.0,3,39,60	148.0,3,39,60	176.0,3,39,59	162.0,3,39,59	138.0,3,39,60	144.0,3,39,60	155.0,3,39,59	115.0,3,39,60	104.0,3,39,60	117.0,3,39,60	119.0,3,39,60	141.0,3,39,60	149.0,3,39,60	143.0,3,39,60	156.0,3,39,59	157.0,3,39,59	171.0,3,39,59	190.0,3,39,59	163.0,3,39,59	153.0,3,39,59	175.0,3,39,59	157.0,3,39,59	172.0,3,39,59	158.0,3,39,59	173.0,3,39,59	160.0,3,39,59	158.0,3,39,59	162.0,3,39,59	181.0,3,39,59	160.0,3,39,59	151.0,3,39,59	156.0,3,39,59	164.0,3,39,59	152.0,3,39,59	161.0,3,39,59	154.0,3,39,59	170.0,3,39,59	151.0,3,39,59	141.0,3,39,60	149.0,3,39,60	141.0,3,39,60	151.0,3,39,59	156.0,3,39,59	147.0,3,39,60	156.0,3,39,59	157.0,3,39,59	156.0,3,39,59	147.0,3,39,60	162.0,3,39,59	155.0,3,39,59	142.0,3,39,60	146.0,3,39,60	140.0,3,39,60	130.0,3,39,60	130.0,3,39,60	126.0,3,39,60	111.0,3,39,60	105.0,3,39,60	108.0,3,39,60
88.0,3,40,60	97.0,3,40,60	198.0,3,39,59	111.0,3,39,60	125.0,3,39,60	147.0,3,39,60	201.0,3,38,59	133.0,3,39,60	144.0,3,39,60	166.0,3,39,59	159.0,3,39,59	165.0,3,39,59	152.0,3,39,59	182.0,3,39,59	192.0,3,39,59	206.0,3,38,59	219.0,3,38,59	192.0,3,39,59	180.0,3,39,59	174.0,3,39,59	186.0,3,39,59	190.0,3,39,59	166.0,3,39,59	157.0,3,39,59	150.0,3,39,59	131.0,3,39,60	157.0,3,39,59	167.0,3,39,59	167.0,3,39,59	115.0,3,39,60	125.0,3,39,60	155.0,3,39,59	176.0,3,39,59	142.0,3,39,60	158.0,3,39,59	171.0,3,39,59	156.0,3,39,59	176.0,3,39,59	172.0,3,39,59	158.0,3,39,59	170.0,3,39,59	164.0,3,39,59	166.0,3,39,59	160.0,3,39,59	160.0,3,39,59	189.0,3,39,59	160.0,3,39,59	164.0,3,39,59	182.0,3,39,59	194.0,3,39,59	164.0,3,39,59	153.0,3,39,59	167.0,3,39,59	166.0,3,39,59	151.0,3,39,59	156.0,3,39,59	155.0,3,39,59	168.0,3,39,59	148.0,3,39,60	144.0,3,39,60	150.0,3,39,59	144.0,3,39,60	154.0,3,39,59	157.0,3,39,59	159.0,3,39,59	171.0,3,39,59	163.0,3,39,59	163.0,3,39,59	173.0,3,39,59	171.0,3,39,59	166.0,3,39,59	166.0,3,39,59	154.0,3,39,59	159.0,3,39,59	149.0,3,39,60	142.0,3,39,60	148.0,3,39,60	149.0,3,39,60	114.0,3,39,60	109.0,3,39,60
93.0,3,40,60	108.0,3,39,60	221.0,3,38,59	140.0,3,39,60	158.0,3,39,59	174.0,3,39,59	196.0,3,39,59	145.0,3,39,60	161.0,3,39,59	176.0,3,39,59	184.0,3,39,59	141.0,3,39,60	160.0,3,39,59	170.0,3,39,59	223.0,3,38,59	217.0,3,38,59	215.0,3,38,59	210.0,3,38,59	197.0,3,39,59	203.0,3,38,59	195.0,3,39,59	188.0,3,39,59	181.0,3,39,59	178.0,3,39,59	169.0,3,39,59	176.0,3,39,59	166.0,3,39,59	166.0,3,39,59	172.0,3,39,59	164.0,3,39,59	116.0,3,39,60	140.0,3,39,60	148.0,3,39,60	156.0,3,39,59	174.0,3,39,59	175.0,3,39,59	159.0,3,39,59	171.0,3,39,59	163.0,3,39,59	170.0,3,39,59	181.0,3,39,59	176.0,3,39,59	164.0,3,39,59	167.0,3,39,59	186.0,3,39,59	174.0,3,39,59	171.0,3,39,59	161.0,3,39,59	167.0,3,39,59	169.0,3,39,59	152.0,3,39,59	169.0,3,39,59	166.0,3,39,59	176.0,3,39,59	159.0,3,39,59	157.0,3,39,59	159.0,3,39,59	161.0,3,39,59	149.0,3,39,60	146.0,3,39,60	150.0,3,39,59	151.0,3,39,59	163.0,3,39,59	150.0,3,39,59	168.0,3,39,59	182.0,3,39,59	178.0,3,39,59	169.0,3,39,59	205.0,3,38,59	208.0,3,38,59	188.0,3,39,59	173.0,3,39,59	180.0,3,39,59	170.0,3,39,59	150.0,3,39,59	161.0,3,39,59	155.0,3,39,59	153.0,3,39,59	120.0,3,39,60	118.0,3,39,60
145.0,3,39,60	131.0,3,39,60	185.0,3,39,59	250.0,3,38,59	175.0,3,39,59	244.0,3,38,59	197.0,3,39,59	165.0,3,39,59	162.0,3,39,59	175.0,3,39,59	178.0,3,39,59	157.0,3,39,59	166.0,3,39,59	165.0,3,39,59	227.0,3,38,59	215.0,3,38,59	212.0,3,38,59	186.0,3,39,59	215.0,3,38,59	194.0,3,39,59	179.0,3,39,59	240.0,3,38,59	242.0,3,38,59	165.0,3,39,59	176.0,3,39,59	193.0,3,39,59	181.0,3,39,59	169.0,3,39,59	144.0,3,39,60	159.0,3,39,59	167.0,3,39,59	193.0,3,39,59	206.0,3,38,59	196.0,3,39,59	201.0,3,38,59	151.0,3,39,59	164.0,3,39,59	169.0,3,39,59	175.0,3,39,59	180.0,3,39,59	198.0,3,39,59	170.0,3,39,59	174.0,3,39,59	205.0,3,38,59	188.0,3,39,59	173.0,3,39,59	176.0,3,39,59	167.0,3,39,59	159.0,3,39,59	168.0,3,39,59	158.0,3,39,59	170.0,3,39,59	206.0,3,38,59	192.0,3,39,59	166.0,3,39,59	175.0,3,39,59	163.0,3,39,59	156.0,3,39,59	151.0,3,39,59	162.0,3,39,59	159.0,3,39,59	172.0,3,39,59	174.0,3,39,59	167.0,3,39,59	185.0,3,39,59	198.0,3,39,59	182.0,3,39,59	193.0,3,39,59	278.0,3,38,59	221.0,3,38,59	222.0,3,38,59	211.0,3,38,59	155.0,3,39,59	140.0,3,39,60	145.0,3,39,60	141.0,3,39,60	146.0,3,39,60	142.0,3,39,60	127.0,3,39,60	144.0,3,39,60
168.0,3,39,59	199.0,3,39,59	156.0,3,39,59	177.0,3,39,59	176.0,3,39,59	182.0,3,39,59	175.0,3,39,59	151.0,3,39,59	189.0,3,39,59	181.0,3,39,59	163.0,3,39,59	165.0,3,39,59	166.0,3,39,59	178.0,3,39,59	186.0,3,39,59	237.0,3,38,59	203.0,3,38,59	199.0,3,39,59	205.0,3,38,59	202.0,3,38,59	228.0,3,38,59	236.0,3,38,59	260.0,3,38,59	199.0,3,39,59	174.0,3,39,59	202.0,3,38,59	166.0,3,39,59	155.0,3,39,59	162.0,3,39,59	127.0,3,39,60	203.0,3,38,59	189.0,3,39,59	197.0,3,39,59	219.0,3,38,59	195.0,3,39,59	192.0,3,39,59	161.0,3,39,59	175.0,3,39,59	198.0,3,39,59	173.0,3,39,59	179.0,3,39,59	171.0,3,39,59	201.0,3,38,59	198.0,3,39,59	175.0,3,39,59	195.0,3,39,59	178.0,3,39,59	168.0,3,39,59	179.0,3,39,59	166.0,3,39,59	163.0,3,39,59	193.0,3,39,59	201.0,3,38,59	184.0,3,39,59	169.0,3,39,59	177.0,3,39,59	161.0,3,39,59	154.0,3,39,59	169.0,3,39,59	161.0,3,39,59	169.0,3,39,59	184.0,3,39,59	174.0,3,39,59	179.0,3,39,59	187.0,3,39,59	191.0,3,39,59	192.0,3,39,59	190.0,3,39,59	219.0,3,38,59	198.0,3,39,59	177.0,3,39,59	165.0,3,39,59	140.0,3,39,60	132.0,3,39,60	134.0,3,39,60	140.0,3,39,60	130.0,3,39,60	115.0,3,39,60	114.0,3,39,60	124.0,3,39,60
112.0,3,39,60	139.0,3,39,60	140.0,3,39,60	160.0,3,39,59	183.0,3,39,59	173.0,3,39,59	213.0,3,38,59	166.0,3,39,59	175.0,3,39,59	185.0,3,39,59	201.0,3,38,59	182.0,3,39,59	207.0,3,38,59	201.0,3,38,59	206.0,3,38,59	213.0,3,38,59	218.0,3,38,59	214.0,3,38,59	212.0,3,38,59	223.0,3,38,59	216.0,3,38,59	261.0,3,38,59	296.0,3,38,59	246.0,3,38,59	228.0,3,38,59	213.0,3,38,59	187.0,3,39,59	173.0,3,39,59	167.0,3,39,59	125.0,3,39,60	131.0,3,39,60	207.0,3,38,59	217.0,3,38,59	233.0,3,38,59	183.0,3,39,59	178.0,3,39,59	170.0,3,39,59	174.0,3,39,59	182.0,3,39,59	208.0,3,38,59	174.0,3,39,59	165.0,3,39,59	175.0,3,39,59	190.0,3,39,59	186.0,3,39,59	207.0,3,38,59	181.0,3,39,59	169.0,3,39,59	187.0,3,39,59	171.0,3,39,59	163.0,3,39,59	180.0,3,39,59	170.0,3,39,59	175.0,3,39,59	175.0,3,39,59	175.0,3,39,59	161.0,3,39,59	152.0,3,39,59	165.0,3,39,59	160.0,3,39,59	174.0,3,39,59	182.0,3,39,59	184.0,3,39,59	198.0,3,39,59	186.0,3,39,59	181.0,3,39,59	185.0,3,39,59	191.0,3,39,59	184.0,3,39,59	195.0,3,39,59	187.0,3,39,59	198.0,3,39,59	164.0,3,39,59	140.0,3,39,60	139.0,3,39,60	146.0,3,39,60	132.0,3,39,60	137.0,3,39,60	135.0,3,39,60	108.0,3,39,60
115.0,3,39,60	123.0,3,39,60	136.0,3,39,60	163.0,3,39,59	176.0,3,39,59	165.0,3,39,59	194.0,3,39,59	181.0,3,39,59	176.0,3,39,59	222.0,3,38,59	197.0,3,39,59	217.0,3,38,59	223.0,3,38,59	219.0,3,38,59	230.0,3,38,59	239.0,3,38,59	231.0,3,38,59	220.0,3,38,59	209.0,3,38,59	225.0,3,38,59	236.0,3,38,59	255.0,3,38,59	284.0,3,38,59	303.0,3,37,58	238.0,3,38,59	207.0,3,38,59	195.0,3,39,59	181.0,3,39,59	176.0,3,39,59	124.0,3,39,60	170.0,3,39,59	171.0,3,39,59	225.0,3,38,59	214.0,3,38,59	202.0,3,38,59	215.0,3,38,59	207.0,3,38,59	185.0,3,39,59	236.0,3,38,59	197.0,3,39,59	193.0,3,39,59	179.0,3,39,59	179.0,3,39,59	180.0,3,39,59	210.0,3,38,59	187.0,3,39,59	181.0,3,39,59	184.0,3,39,59	182.0,3,39,59	181.0,3,39,59	184.0,3,39,59	178.0,3,39,59	169.0,3,39,59	177.0,3,39,59	168.0,3,39,59	182.0,3,39,59	162.0,3,39,59	166.0,3,39,59	165.0,3,39,59	161.0,3,39,59	175.0,3,39,59	197.0,3,39,59	193.0,3,39,59	202.0,3,38,59	195.0,3,39,59	193.0,3,39,59	189.0,3,39,59	208.0,3,38,59	181.0,3,39,59	201.0,3,38,59	160.0,3,39,59	155.0,3,39,59	150.0,3,39,59	135.0,3,39,60	158.0,3,39,59	154.0,3,39,59	143.0,3,39,60	153.0,3,39,59	122.0,3,39,60	128.0,3,39,60
122.0,3,39,60	117.0,3,39,60	132.0,3,39,60	142.0,3,39,60	164.0,3,39,59	175.0,3,39,59	176.0,3,39,59	198.0,3,39,59	245.0,3,38,59	187.0,3,39,59	239.0,3,38,59	222.0,3,38,59	206.0,3,38,59	210.0,3,38,59	200.0,3,38,59	241.0,3,38,59	243.0,3,38,59	215.0,3,38,59	234.0,3,38,59	244.0,3,38,59	237.0,3,38,59	248.0,3,38,59	294.0,3,38,59	311.0,3,37,58	330.0,3,37,58	233.0,3,38,59	223.0,3,38,59	203.0,3,38,59	199.0,3,39,59	126.0,3,39,60	216.0,3,38,59	234.0,3,38,59	226.0,3,38,59	218.0,3,38,59	248.0,3,38,59	232.0,3,38,59	220.0,3,38,59	176.0,3,39,59	233.0,3,38,59	234.0,3,38,59	186.0,3,39,59	183.0,3,39,59	172.0,3,39,59	196.0,3,39,59	197.0,3,39,59	188.0,3,39,59	182.0,3,39,59	189.0,3,39,59	190.0,3,39,59	175.0,3,39,59	173.0,3,39,59	174.0,3,39,59	171.0,3,39,59	185.0,3,39,59	175.0,3,39,59	185.0,3,39,59	186.0,3,39,59	181.0,3,39,59	179.0,3,39,59	160.0,3,39,59	168.0,3,39,59	192.0,3,39,59	198.0,3,39,59	195.0,3,39,59	193.0,3,39,59	195.0,3,39,59	216.0,3,38,59	189.0,3,39,59	194.0,3,39,59	181.0,3,39,59	188.0,3,39,59	174.0,3,39,59	153.0,3,39,59	154.0,3,39,59	163.0,3,39,59	151.0,3,39,59	180.0,3,39,59	145.0,3,39,60	136.0,3,39,60	130.0,3,39,60
131.0,3,39,60	123.0,3,39,60	124.0,3,39,60	140.0,3,39,60	151.0,3,39,59	171.0,3,39,59	160.0,3,39,59	172.0,3,39,59	237.0,3,38,59	225.0,3,38,59	230.0,3,38,59	220.0,3,38,59	218.0,3,38,59	214.0,3,38,59	235.0,3,38,59	210.0,3,38,59	245.0,3,38,59	227.0,3,38,59	237.0,3,38,59	239.0,3,38,59	292.0,3,38,59	321.0,3,37,58	299.0,3,38,59	325.0,3,37,58	325.0,3,37,58	235.0,3,38,59	186.0,3,39,59	208.0,3,38,59	170.0,3,39,59	173.0,3,39,59	189.0,3,39,59	183.0,3,39,59	228.0,3,38,59	243.0,3,38,59	236.0,3,38,59	271.0,3,38,59	277.0,3,38,59	224.0,3,38,59	202.0,3,38,59	228.0,3,38,59	242.0,3,38,59	193.0,3,39,59	189.0,3,39,59	203.0,3,38,59	193.0,3,39,59	193.0,3,39,59	211.0,3,38,59	196.0,3,39,59	181.0,3,39,59	183.0,3,39,59	178.0,3,39,59	181.0,3,39,59	192.0,3,39,59	187.0,3,39,59	185.0,3,39,59	195.0,3,39,59	193.0,3,39,59	186.0,3,39,59	178.0,3,39,59	166.0,3,39,59	174.0,3,39,59	193.0,3,39,59	191.0,3,39,59	208.0,3,38,59	203.0,3,38,59	192.0,3,39,59	206.0,3,38,59	207.0,3,38,59	197.0,3,39,59	197.0,3,39,59	190.0,3,39,59	164.0,3,39,59	179.0,3,39,59	180.0,3,39,59	172.0,3,39,59	165.0,3,39,59	164.0,3,39,59	165.0,3,39,59	132.0,3,39,60	106.0,3,39,60
140.0,3,39,60	140.0,3,39,60	131.0,3,39,60	131.0,3,39,60	148.0,3,39,60	160.0,3,39,59	178.0,3,39,59	183.0,3,39,59	212.0,3,38,59	240.0,3,38,59	222.0,3,38,59	258.0,3,38,59	232.0,3,38,59	227.0,3,38,59	252.0,3,38,59	213.0,3,38,59	234.0,3,38,59	222.0,3,38,59	230.0,3,38,59	234.0,3,38,59	256.0,3,38,59	257.0,3,38,59	296.0,3,38,59	320.0,3,37,58	295.0,3,38,59	274.0,3,38,59	281.0,3,38,59	162.0,3,39,59	206.0,3,38,59	190.0,3,39,59	210.0,3,38,59	237.0,3,38,59	229.0,3,38,59	261.0,3,38,59	232.0,3,38,59	235.0,3,38,59	267.0,3,38,59	226.0,3,38,59	265.0,3,38,59	269.0,3,38,59	226.0,3,38,59	220.0,3,38,59	207.0,3,38,59	192.0,3,39,59	193.0,3,39,59	205.0,3,38,59	213.0,3,38,59	203.0,3,38,59	193.0,3,39,59	191.0,3,39,59	191.0,3,39,59	182.0,3,39,59	196.0,3,39,59	217.0,3,38,59	187.0,3,39,59	178.0,3,39,59	168.0,3,39,59	181.0,3,39,59	182.0,3,39,59	180.0,3,39,59	178.0,3,39,59	206.0,3,38,59	211.0,3,38,59	213.0,3,38,59	198.0,3,39,59	197.0,3,39,59	203.0,3,38,59	205.0,3,38,59	195.0,3,39,59	207.0,3,38,59	184.0,3,39,59	182.0,3,39,59	181.0,3,39,59	175.0,3,39,59	173.0,3,39,59	158.0,3,39,59	178.0,3,39,59	126.0,3,39,60	141.0,3,39,60	140.0,3,39,60
158.0,3,39,59	152.0,3,39,59	152.0,3,39,59	147.0,3,39,60	138.0,3,39,60	171.0,3,39,59	180.0,3,39,59	191.0,3,39,59	220.0,3,38,59	252.0,3,38,59	235.0,3,38,59	263.0,3,38,59	270.0,3,38,59	270.0,3,38,59	245.0,3,38,59	240.0,3,38,59	244.0,3,38,59	217.0,3,38,59	261.0,3,38,59	262.0,3,38,59	225.0,3,38,59	278.0,3,38,59	283.0,3,38,59	301.0,3,37,58	301.0,3,37,58	306.0,3,37,58	269.0,3,38,59	247.0,3,38,59	193.0,3,39,59	164.0,3,39,59	163.0,3,39,59	221.0,3,38,59	269.0,3,38,59	307.0,3,37,58	313.0,3,37,58	224.0,3,38,59	250.0,3,38,59	186.0,3,39,59	283.0,3,38,59	198.0,3,39,59	240.0,3,38,59	229.0,3,38,59	197.0,3,39,59	175.0,3,39,59	186.0,3,39,59	192.0,3,39,59	226.0,3,38,59	217.0,3,38,59	220.0,3,38,59	215.0,3,38,59	205.0,3,38,59	200.0,3,38,59	195.0,3,39,59	202.0,3,38,59	192.0,3,39,59	162.0,3,39,59	180.0,3,39,59	182.0,3,39,59	180.0,3,39,59	195.0,3,39,59	184.0,3,39,59	196.0,3,39,59	206.0,3,38,59	219.0,3,38,59	209.0,3,38,59	210.0,3,38,59	205.0,3,38,59	206.0,3,38,59	196.0,3,39,59	191.0,3,39,59	203.0,3,38,59	194.0,3,39,59	187.0,3,39,59	173.0,3,39,59	176.0,3,39,59	138.0,3,39,60	160.0,3,39,59	140.0,3,39,60	142.0,3,39,60	150.0,3,39,59
174.0,3,39,59	164.0,3,39,59	170.0,3,39,59	161.0,3,39,59	140.0,3,39,60	143.0,3,39,60	167.0,3,39,59	184.0,3,39,59	218.0,3,38,59	270.0,3,38,59	235.0,3,38,59	264.0,3,38,59	291.0,3,38,59	263.0,3,38,59	326.0,3,37,58	251.0,3,38,59	244.0,3,38,59	233.0,3,38,59	263.0,3,38,59	245.0,3,38,59	228.0,3,38,59	209.0,3,38,59	249.0,3,38,59	256.0,3,38,59	316.0,3,37,58	283.0,3,38,59	292.0,3,38,59	255.0,3,38,59	184.0,3,39,59	200.0,3,38,59	157.0,3,39,59	183.0,3,39,59	216.0,3,38,59	272.0,3,38,59	266.0,3,38,59	226.0,3,38,59	198.0,3,39,59	214.0,3,38,59	221.0,3,38,59	236.0,3,38,59	245.0,3,38,59	197.0,3,39,59	199.0,3,39,59	217.0,3,38,59	234.0,3,38,59	209.0,3,38,59	209.0,3,38,59	243.0,3,38,59	212.0,3,38,59	202.0,3,38,59	206.0,3,38,59	212.0,3,38,59	218.0,3,38,59	210.0,3,38,59	215.0,3,38,59	189.0,3,39,59	214.0,3,38,59	207.0,3,38,59	201.0,3,38,59	218.0,3,38,59	211.0,3,38,59	189.0,3,39,59	191.0,3,39,59	186.0,3,39,59	214.0,3,38,59	217.0,3,38,59	205.0,3,38,59	207.0,3,38,59	226.0,3,38,59	215.0,3,38,59	200.0,3,38,59	192.0,3,39,59	179.0,3,39,59	176.0,3,39,59	143.0,3,39,60	155.0,3,39,59	120.0,3,39,60	140.0,3,39,60	145.0,3,39,60	154.0,3,39,59
219.0,3,38,59	183.0,3,39,59	184.0,3,39,59	164.0,3,39,59	167.0,3,39,59	149.0,3,39,60	168.0,3,39,59	192.0,3,39,59	201.0,3,38,59	233.0,3,38,59	289.0,3,38,59	267.0,3,38,59	315.0,3,37,58	264.0,3,38,59	326.0,3,37,58	300.0,3,37,58	263.0,3,38,59	255.0,3,38,59	261.0,3,38,59	243.0,3,38,59	243.0,3,38,59	205.0,3,38,59	282.0,3,38,59	273.0,3,38,59	255.0,3,38,59	273.0,3,38,59	266.0,3,38,59	251.0,3,38,59	183.0,3,39,59	198.0,3,39,59	153.0,3,39,59	175.0,3,39,59	206.0,3,38,59	217.0,3,38,59	252.0,3,38,59	300.0,3,37,58	288.0,3,38,59	249.0,3,38,59	207.0,3,38,59	238.0,3,38,59	202.0,3,38,59	193.0,3,39,59	191.0,3,39,59	183.0,3,39,59	217.0,3,38,59	207.0,3,38,59	226.0,3,38,59	220.0,3,38,59	201.0,3,38,59	226.0,3,38,59	188.0,3,39,59	175.0,3,39,59	233.0,3,38,59	231.0,3,38,59	237.0,3,38,59	239.0,3,38,59	236.0,3,38,59	204.0,3,38,59	175.0,3,39,59	212.0,3,38,59	195.0,3,39,59	218.0,3,38,59	206.0,3,38,59	214.0,3,38,59	207.0,3,38,59	201.0,3,38,59	228.0,3,38,59	207.0,3,38,59	227.0,3,38,59	235.0,3,38,59	199.0,3,39,59	202.0,3,38,59	175.0,3,39,59	170.0,3,39,59	173.0,3,39,59	149.0,3,39,60	150.0,3,39,59	142.0,3,39,60	155.0,3,39,59	136.0,3,39,60
203.0,3,38,59	207.0,3,38,59	191.0,3,39,59	166.0,3,39,59	167.0,3,39,59	168.0,3,39,59	158.0,3,39,59	182.0,3,39,59	204.0,3,38,59	218.0,3,38,59	259.0,3,38,59	284.0,3,38,59	321.0,3,37,58	301.0,3,37,58	310.0,3,37,58	346.0,3,37,58	295.0,3,38,59	259.0,3,38,59	309.0,3,37,58	272.0,3,38,59	251.0,3,38,59	243.0,3,38,59	264.0,3,38,59	245.0,3,38,59	302.0,3,37,58	255.0,3,38,59	245.0,3,38,59	175.0,3,39,59	178.0,3,39,59	140.0,3,39,60	143.0,3,39,60	151.0,3,39,59	175.0,3,39,59	213.0,3,38,59	224.0,3,38,59	249.0,3,38,59	236.0,3,38,59	290.0,3,38,59	313.0,3,37,58	280.0,3,38,59	210.0,3,38,59	197.0,3,39,59	207.0,3,38,59	215.0,3,38,59	203.0,3,38,59	230.0,3,38,59	217.0,3,38,59	227.0,3,38,59	232.0,3,38,59	233.0,3,38,59	210.0,3,38,59	191.0,3,39,59	224.0,3,38,59	223.0,3,38,59	227.0,3,38,59	201.0,3,38,59	206.0,3,38,59	228.0,3,38,59	204.0,3,38,59	218.0,3,38,59	203.0,3,38,59	223.0,3,38,59	202.0,3,38,59	217.0,3,38,59	206.0,3,38,59	228.0,3,38,59	228.0,3,38,59	233.0,3,38,59	238.0,3,38,59	215.0,3,38,59	198.0,3,39,59	198.0,3,39,59	204.0,3,38,59	196.0,3,39,59	178.0,3,39,59	164.0,3,39,59	163.0,3,39,59	158.0,3,39,59	161.0,3,39,59	168.0,3,39,59
297.0,3,38,59	303.0,3,37,58	213.0,3,38,59	172.0,3,39,59	204.0,3,38,59	177.0,3,39,59	170.0,3,39,59	205.0,3,38,59	225.0,3,38,59	244.0,3,38,59	251.0,3,38,59	271.0,3,38,59	283.0,3,38,59	327.0,3,37,58	315.0,3,37,58	375.0,3,37,58	340.0,3,37,58	305.0,3,37,58	276.0,3,38,59	308.0,3,37,58	238.0,3,38,59	194.0,3,39,59	247.0,3,38,59	209.0,3,38,59	204.0,3,38,59	208.0,3,38,59	224.0,3,38,59	199.0,3,39,59	143.0,3,39,60	146.0,3,39,60	177.0,3,39,59	150.0,3,39,59	193.0,3,39,59	206.0,3,38,59	223.0,3,38,59	218.0,3,38,59	267.0,3,38,59	339.0,3,37,58	267.0,3,38,59	306.0,3,37,58	222.0,3,38,59	209.0,3,38,59	233.0,3,38,59	218.0,3,38,59	197.0,3,39,59	239.0,3,38,59	217.0,3,38,59	242.0,3,38,59	224.0,3,38,59	229.0,3,38,59	219.0,3,38,59	178.0,3,39,59	218.0,3,38,59	237.0,3,38,59	222.0,3,38,59	233.0,3,38,59	216.0,3,38,59	208.0,3,38,59	182.0,3,39,59	202.0,3,38,59	246.0,3,38,59	209.0,3,38,59	220.0,3,38,59	234.0,3,38,59	219.0,3,38,59	210.0,3,38,59	213.0,3,38,59	211.0,3,38,59	228.0,3,38,59	221.0,3,38,59	214.0,3,38,59	208.0,3,38,59	210.0,3,38,59	190.0,3,39,59	177.0,3,39,59	160.0,3,39,59	172.0,3,39,59	167.0,3,39,59	154.0,3,39,59	189.0,3,39,59
219.0,3,38,59	237.0,3,38,59	187.0,3,39,59	202.0,3,38,59	195.0,3,39,59	179.0,3,39,59	171.0,3,39,59	353.0,3,37,58	260.0,3,38,59	248.0,3,38,59	271.0,3,38,59	280.0,3,38,59	310.0,3,37,58	316.0,3,37,58	339.0,3,37,58	354.0,3,37,58	392.0,3,37,58	318.0,3,37,58	357.0,3,37,58	310.0,3,37,58	283.0,3,38,59	229.0,3,38,59	239.0,3,38,59	253.0,3,38,59	192.0,3,39,59	180.0,3,39,59	177.0,3,39,59	148.0,3,39,60	148.0,3,39,60	156.0,3,39,59	185.0,3,39,59	182.0,3,39,59	155.0,3,39,59	166.0,3,39,59	186.0,3,39,59	218.0,3,38,59	223.0,3,38,59	273.0,3,38,59	332.0,3,37,58	284.0,3,38,59	249.0,3,38,59	219.0,3,38,59	235.0,3,38,59	253.0,3,38,59	191.0,3,39,59	206.0,3,38,59	220.0,3,38,59	238.0,3,38,59	195.0,3,39,59	242.0,3,38,59	185.0,3,39,59	208.0,3,38,59	210.0,3,38,59	199.0,3,39,59	258.0,3,38,59	235.0,3,38,59	230.0,3,38,59	197.0,3,39,59	185.0,3,39,59	254.0,3,38,59	225.0,3,38,59	212.0,3,38,59	225.0,3,38,59	218.0,3,38,59	219.0,3,38,59	216.0,3,38,59	219.0,3,38,59	230.0,3,38,59	228.0,3,38,59	225.0,3,38,59	228.0,3,38,59	211.0,3,38,59	202.0,3,38,59	178.0,3,39,59	163.0,3,39,59	177.0,3,39,59	190.0,3,39,59	186.0,3,39,59	160.0,3,39,59	186.0,3,39,59
288.0,3,38,59	222.0,3,38,59	233.0,3,38,59	263.0,3,38,59	228.0,3,38,59	194.0,3,39,59	174.0,3,39,59	194.0,3,39,59	221.0,3,38,59	205.0,3,38,59	244.0,3,38,59	327.0,3,37,58	269.0,3,38,59	298.0,3,38,59	353.0,3,37,58	371.0,3,37,58	467.0,3,36,57	411.0,3,36,58	326.0,3,37,58	308.0,3,37,58	280.0,3,38,59	297.0,3,38,59	174.0,3,39,59	231.0,3,38,59	232.0,3,38,59	186.0,3,39,59	151.0,3,39,59	156.0,3,39,59	172.0,3,39,59	190.0,3,39,59	175.0,3,39,59	173.0,3,39,59	177.0,3,39,59	195.0,3,39,59	223.0,3,38,59	196.0,3,39,59	209.0,3,38,59	238.0,3,38,59	282.0,3,38,59	285.0,3,38,59	251.0,3,38,59	219.0,3,38,59	202.0,3,38,59	207.0,3,38,59	192.0,3,39,59	221.0,3,38,59	230.0,3,38,59	209.0,3,38,59	251.0,3,38,59	243.0,3,38,59	231.0,3,38,59	226.0,3,38,59	301.0,3,37,58	190.0,3,39,59	292.0,3,38,59	275.0,3,38,59	247.0,3,38,59	260.0,3,38,59	204.0,3,38,59	251.0,3,38,59	223.0,3,38,59	245.0,3,38,59	217.0,3,38,59	229.0,3,38,59	225.0,3,38,59	214.0,3,38,59	227.0,3,38,59	234.0,3,38,59	231.0,3,38,59	228.0,3,38,59	232.0,3,38,59	229.0,3,38,59	204.0,3,38,59	180.0,3,39,59	180.0,3,39,59	162.0,3,39,59	183.0,3,39,59	170.0,3,39,59	181.0,3,39,59	187.0,3,39,59
623.0,4,34,56	309.0,3,37,58	352.0,3,37,58	283.0,3,38,59	245.0,3,38,59	193.0,3,39,59	190.0,3,39,59	174.0,3,39,59	218.0,3,38,59	227.0,3,38,59	236.0,3,38,59	269.0,3,38,59	279.0,3,38,59	260.0,3,38,59	315.0,3,37,58	309.0,3,37,58	388.0,3,37,58	420.0,3,36,58	294.0,3,38,59	335.0,3,37,58	274.0,3,38,59	211.0,3,38,59	212.0,3,38,59	188.0,3,39,59	163.0,3,39,59	161.0,3,39,59	158.0,3,39,59	162.0,3,39,59	176.0,3,39,59	210.0,3,38,59	194.0,3,39,59	188.0,3,39,59	171.0,3,39,59	163.0,3,39,59	196.0,3,39,59	234.0,3,38,59	222.0,3,38,59	209.0,3,38,59	282.0,3,38,59	305.0,3,37,58	231.0,3,38,59	228.0,3,38,59	199.0,3,39,59	213.0,3,38,59	186.0,3,39,59	212.0,3,38,59	222.0,3,38,59	204.0,3,38,59	202.0,3,38,59	207.0,3,38,59	193.0,3,39,59	273.0,3,38,59	253.0,3,38,59	193.0,3,39,59	239.0,3,38,59	253.0,3,38,59	288.0,3,38,59	235.0,3,38,59	185.0,3,39,59	222.0,3,38,59	220.0,3,38,59	244.0,3,38,59	251.0,3,38,59	227.0,3,38,59	246.0,3,38,59	218.0,3,38,59	236.0,3,38,59	235.0,3,38,59	229.0,3,38,59	219.0,3,38,59	228.0,3,38,59	222.0,3,38,59	202.0,3,38,59	193.0,3,39,59	185.0,3,39,59	194.0,3,39,59	175.0,3,39,59	176.0,3,39,59	187.0,3,39,59	190.0,3,39,59
793.0,4,33,55	969.0,4,31,54	530.0,4,35,57	395.0,3,37,58	281.0,3,38,59	255.0,3,38,59	239.0,3,38,59	206.0,3,38,59	204.0,3,38,59	221.0,3,38,59	258.0,3,38,59	237.0,3,38,59	277.0,3,38,59	246.0,3,38,59	278.0,3,38,59	306.0,3,37,58	400.0,3,36,58	429.0,3,36,58	333.0,3,37,58	266.0,3,38,59	281.0,3,38,59	197.0,3,39,59	221.0,3,38,59	170.0,3,39,59	168.0,3,39,59	161.0,3,39,59	170.0,3,39,59	167.0,3,39,59	220.0,3,38,59	206.0,3,38,59	218.0,3,38,59	234.0,3,38,59	211.0,3,38,59	169.0,3,39,59	196.0,3,39,59	220.0,3,38,59	212.0,3,38,59	215.0,3,38,59	254.0,3,38,59	327.0,3,37,58	276.0,3,38,59	222.0,3,38,59	214.0,3,38,59	215.0,3,38,59	214.0,3,38,59	216.0,3,38,59	228.0,3,38,59	208.0,3,38,59	204.0,3,38,59	195.0,3,39,59	212.0,3,38,59	235.0,3,38,59	220.0,3,38,59	228.0,3,38,59	241.0,3,38,59	250.0,3,38,59	300.0,3,37,58	200.0,3,38,59	211.0,3,38,59	238.0,3,38,59	209.0,3,38,59	240.0,3,38,59	260.0,3,38,59	245.0,3,38,59	238.0,3,38,59	218.0,3,38,59	236.0,3,38,59	243.0,3,38,59	236.0,3,38,59	228.0,3,38,59	235.0,3,38,59	223.0,3,38,59	202.0,3,38,59	175.0,3,39,59	206.0,3,38,59	187.0,3,39,59	198.0,3,39,59	191.0,3,39,59	174.0,3,39,59	128.0,3,39,60
838.0,4,32,55	748.0,4,33,56	871.0,4,32,55	604.0,4,34,56	342.0,3,37,58	279.0,3,38,59	261.0,3,38,59	249.0,3,38,59	197.0,3,39,59	223.0,3,38,59	239.0,3,38,59	293.0,3,38,59	283.0,3,38,59	274.0,3,38,59	305.0,3,37,58	410.0,3,36,58	429.0,3,36,58	446.0,3,36,58	303.0,3,37,58	237.0,3,38,59	212.0,3,38,59	215.0,3,38,59	205.0,3,38,59	173.0,3,39,59	183.0,3,39,59	193.0,3,39,59	203.0,3,38,59	194.0,3,39,59	199.0,3,39,59	222.0,3,38,59	224.0,3,38,59	237.0,3,38,59	235.0,3,38,59	200.0,3,38,59	170.0,3,39,59	201.0,3,38,59	261.0,3,38,59	229.0,3,38,59	239.0,3,38,59	290.0,3,38,59	317.0,3,37,58	219.0,3,38,59	214.0,3,38,59	221.0,3,38,59	206.0,3,38,59	205.0,3,38,59	222.0,3,38,59	235.0,3,38,59	215.0,3,38,59	200.0,3,38,59	210.0,3,38,59	220.0,3,38,59	239.0,3,38,59	211.0,3,38,59	278.0,3,38,59	320.0,3,37,58	259.0,3,38,59	268.0,3,38,59	259.0,3,38,59	242.0,3,38,59	213.0,3,38,59	234.0,3,38,59	250.0,3,38,59	259.0,3,38,59	245.0,3,38,59	227.0,3,38,59	258.0,3,38,59	238.0,3,38,59	218.0,3,38,59	209.0,3,38,59	226.0,3,38,59	191.0,3,39,59	215.0,3,38,59	217.0,3,38,59	219.0,3,38,59	185.0,3,39,59	201.0,3,38,59	195.0,3,39,59	178.0,3,39,59	147.0,3,39,60
574.0,4,35,57	999.0,4,31,54	936.0,4,31,54	686.0,4,34,56	344.0,3,37,58	266.0,3,38,59	257.0,3,38,59	251.0,3,38,59	245.0,3,38,59	231.0,3,38,59	270.0,3,38,59	271.0,3,38,59	262.0,3,38,59	252.0,3,38,59	272.0,3,38,59	330.0,3,37,58	277.0,3,38,59	242.0,3,38,59	246.0,3,38,59	227.0,3,38,59	209.0,3,38,59	179.0,3,39,59	176.0,3,39,59	183.0,3,39,59	188.0,3,39,59	230.0,3,38,59	232.0,3,38,59	182.0,3,39,59	198.0,3,39,59	214.0,3,38,59	199.0,3,39,59	190.0,3,39,59	183.0,3,39,59	178.0,3,39,59	177.0,3,39,59	211.0,3,38,59	205.0,3,38,59	209.0,3,38,59	216.0,3,38,59	256.0,3,38,59	352.0,3,37,58	240.0,3,38,59	220.0,3,38,59	216.0,3,38,59	217.0,3,38,59	215.0,3,38,59	223.0,3,38,59	206.0,3,38,59	220.0,3,38,59	220.0,3,38,59	222.0,3,38,59	247.0,3,38,59	268.0,3,38,59	249.0,3,38,59	327.0,3,37,58	276.0,3,38,59	242.0,3,38,59	290.0,3,38,59	254.0,3,38,59	271.0,3,38,59	237.0,3,38,59	293.0,3,38,59	299.0,3,38,59	263.0,3,38,59	241.0,3,38,59	235.0,3,38,59	257.0,3,38,59	241.0,3,38,59	224.0,3,38,59	244.0,3,38,59	225.0,3,38,59	213.0,3,38,59	224.0,3,38,59	229.0,3,38,59	222.0,3,38,59	201.0,3,38,59	213.0,3,38,59	159.0,3,39,59	191.0,3,39,59	184.0,3,39,59
684.0,4,34,56	754.0,4,33,55	780.0,4,33,55	536.0,4,35,57	453.0,3,36,57	318.0,3,37,58	263.0,3,38,59	222.0,3,38,59	200.0,3,38,59	277.0,3,38,59	261.0,3,38,59	261.0,3,38,59	262.0,3,38,59	229.0,3,38,59	222.0,3,38,59	218.0,3,38,59	240.0,3,38,59	211.0,3,38,59	204.0,3,38,59	193.0,3,39,59	185.0,3,39,59	189.0,3,39,59	190.0,3,39,59	191.0,3,39,59	188.0,3,39,59	224.0,3,38,59	220.0,3,38,59	225.0,3,38,59	293.0,3,38,59	316.0,3,37,58	247.0,3,38,59	225.0,3,38,59	231.0,3,38,59	218.0,3,38,59	194.0,3,39,59	185.0,3,39,59	208.0,3,38,59	235.0,3,38,59	250.0,3,38,59	236.0,3,38,59	390.0,3,37,58	295.0,3,38,59	361.0,3,37,58	242.0,3,38,59	231.0,3,38,59	226.0,3,38,59	222.0,3,38,59	260.0,3,38,59	225.0,3,38,59	225.0,3,38,59	256.0,3,38,59	292.0,3,38,59	282.0,3,38,59	261.0,3,38,59	287.0,3,38,59	263.0,3,38,59	280.0,3,38,59	255.0,3,38,59	233.0,3,38,59	237.0,3,38,59	284.0,3,38,59	296.0,3,38,59	272.0,3,38,59	260.0,3,38,59	267.0,3,38,59	238.0,3,38,59	279.0,3,38,59	278.0,3,38,59	252.0,3,38,59	249.0,3,38,59	231.0,3,38,59	225.0,3,38,59	224.0,3,38,59	222.0,3,38,59	234.0,3,38,59	230.0,3,38,59	199.0,3,39,59	193.0,3,39,59	159.0,3,39,59	196.0,3,39,59
328.0,3,37,58	798.0,4,33,55	580.0,4,35,57	573.0,4,35,57	461.0,3,36,57	304.0,3,37,58	281.0,3,38,59	235.0,3,38,59	189.0,3,39,59	269.0,3,38,59	265.0,3,38,59	254.0,3,38,59	251.0,3,38,59	257.0,3,38,59	272.0,3,38,59	290.0,3,38,59	214.0,3,38,59	223.0,3,38,59	271.0,3,38,59	302.0,3,37,58	210.0,3,38,59	244.0,3,38,59	217.0,3,38,59	242.0,3,38,59	210.0,3,38,59	261.0,3,38,59	214.0,3,38,59	382.0,3,37,58	348.0,3,37,58	403.0,3,36,58	205.0,3,38,59	239.0,3,38,59	370.0,3,37,58	243.0,3,38,59	234.0,3,38,59	194.0,3,39,59	190.0,3,39,59	196.0,3,39,59	227.0,3,38,59	246.0,3,38,59	302.0,3,37,58	374.0,3,37,58	365.0,3,37,58	255.0,3,38,59	268.0,3,38,59	252.0,3,38,59	216.0,3,38,59	219.0,3,38,59	224.0,3,38,59	254.0,3,38,59	365.0,3,37,58	358.0,3,37,58	351.0,3,37,58	318.0,3,37,58	291.0,3,38,59	297.0,3,38,59	259.0,3,38,59	246.0,3,38,59	278.0,3,38,59	300.0,3,37,58	256.0,3,38,59	255.0,3,38,59	246.0,3,38,59	274.0,3,38,59	237.0,3,38,59	234.0,3,38,59	265.0,3,38,59	263.0,3,38,59	258.0,3,38,59	237.0,3,38,59	233.0,3,38,59	253.0,3,38,59	221.0,3,38,59	232.0,3,38,59	240.0,3,38,59	217.0,3,38,59	211.0,3,38,59	201.0,3,38,59	211.0,3,38,59	171.0,3,39,59
408.0,3,36,58	574.0,4,35,57	613.0,4,34,56	547.0,4,35,57	456.0,3,36,57	279.0,3,38,59	285.0,3,38,59	215.0,3,38,59	201.0,3,38,59	208.0,3,38,59	233.0,3,38,59	261.0,3,38,59	246.0,3,38,59	290.0,3,38,59	315.0,3,37,58	300.0,3,37,58	309.0,3,37,58	261.0,3,38,59	344.0,3,37,58	230.0,3,38,59	283.0,3,38,59	332.0,3,37,58	245.0,3,38,59	293.0,3,38,59	421.0,3,36,58	310.0,3,37,58	248.0,3,38,59	319.0,3,37,58	408.0,3,36,58	321.0,3,37,58	372.0,3,37,58	241.0,3,38,59	354.0,3,37,58	310.0,3,37,58	269.0,3,38,59	216.0,3,38,59	185.0,3,39,59	202.0,3,38,59	237.0,3,38,59	239.0,3,38,59	292.0,3,38,59	297.0,3,38,59	289.0,3,38,59	275.0,3,38,59	221.0,3,38,59	218.0,3,38,59	225.0,3,38,59	223.0,3,38,59	273.0,3,38,59	386.0,3,37,58	372.0,3,37,58	368.0,3,37,58	356.0,3,37,58	352.0,3,37,58	259.0,3,38,59	252.0,3,38,59	277.0,3,38,59	244.0,3,38,59	284.0,3,38,59	291.0,3,38,59	285.0,3,38,59	295.0,3,38,59	277.0,3,38,59	277.0,3,38,59	279.0,3,38,59	237.0,3,38,59	247.0,3,38,59	280.0,3,38,59	253.0,3,38,59	265.0,3,38,59	265.0,3,38,59	259.0,3,38,59	252.0,3,38,59	243.0,3,38,59	236.0,3,38,59	232.0,3,38,59	213.0,3,38,59	219.0,3,38,59	203.0,3,38,59	189.0,3,39,59
300.0,3,37,58	262.0,3,38,59	619.0,4,34,56	641.0,4,34,56	430.0,3,36,58	368.0,3,37,58	385.0,3,37,58	228.0,3,38,59	216.0,3,38,59	268.0,3,38,59	257.0,3,38,59	285.0,3,38,59	319.0,3,37,58	497.0,3,36,57	483.0,3,36,57	499.0,3,36,57	344.0,3,37,58	313.0,3,37,58	332.0,3,37,58	346.0,3,37,58	257.0,3,38,59	369.0,3,37,58	459.0,3,36,57	337.0,3,37,58	303.0,3,37,58	352.0,3,37,58	282.0,3,38,59	320.0,3,37,58	269.0,3,38,59	393.0,3,37,58	346.0,3,37,58	409.0,3,36,58	235.0,3,38,59	239.0,3,38,59	414.0,3,36,58	276.0,3,38,59	191.0,3,39,59	206.0,3,38,59	226.0,3,38,59	271.0,3,38,59	296.0,3,38,59	289.0,3,38,59	310.0,3,37,58	372.0,3,37,58	251.0,3,38,59	253.0,3,38,59	235.0,3,38,59	248.0,3,38,59	267.0,3,38,59	312.0,3,37,58	344.0,3,37,58	356.0,3,37,58	367.0,3,37,58	352.0,3,37,58	333.0,3,37,58	319.0,3,37,58	308.0,3,37,58	264.0,3,38,59	296.0,3,38,59	294.0,3,38,59	284.0,3,38,59	321.0,3,37,58	317.0,3,37,58	300.0,3,37,58	282.0,3,38,59	278.0,3,38,59	271.0,3,38,59	277.0,3,38,59	270.0,3,38,59	282.0,3,38,59	270.0,3,38,59	271.0,3,38,59	252.0,3,38,59	255.0,3,38,59	242.0,3,38,59	225.0,3,38,59	224.0,3,38,59	196.0,3,39,59	198.0,3,39,59	168.0,3,39,59
256.0,3,38,59	232.0,3,38,59	551.0,4,35,57	587.0,4,35,57	515.0,4,35,57	430.0,3,36,58	337.0,3,37,58	230.0,3,38,59	273.0,3,38,59	312.0,3,37,58	281.0,3,38,59	330.0,3,37,58	725.0,4,33,56	544.0,4,35,57	660.0,4,34,56	470.0,3,36,57	591.0,4,35,57	676.0,4,34,56	376.0,3,37,58	542.0,4,35,57	534.0,4,35,57	385.0,3,37,58	268.0,3,38,59	292.0,3,38,59	252.0,3,38,59	323.0,3,37,58	324.0,3,37,58	274.0,3,38,59	242.0,3,38,59	452.0,3,36,57	285.0,3,38,59	408.0,3,36,58	402.0,3,36,58	379.0,3,37,58	290.0,3,38,59	234.0,3,38,59	248.0,3,38,59	235.0,3,38,59	277.0,3,38,59	279.0,3,38,59	270.0,3,38,59	302.0,3,37,58	310.0,3,37,58	331.0,3,37,58	246.0,3,38,59	233.0,3,38,59	249.0,3,38,59	363.0,3,37,58	388.0,3,37,58	377.0,3,37,58	362.0,3,37,58	365.0,3,37,58	376.0,3,37,58	370.0,3,37,58	350.0,3,37,58	301.0,3,37,58	313.0,3,37,58	305.0,3,37,58	302.0,3,37,58	329.0,3,37,58	286.0,3,38,59	302.0,3,37,58	272.0,3,38,59	272.0,3,38,59	279.0,3,38,59	284.0,3,38,59	288.0,3,38,59	275.0,3,38,59	287.0,3,38,59	300.0,3,37,58	267.0,3,38,59	252.0,3,38,59	267.0,3,38,59	247.0,3,38,59	251.0,3,38,59	236.0,3,38,59	230.0,3,38,59	201.0,3,38,59	204.0,3,38,59	187.0,3,39,59
322.0,3,37,58	238.0,3,38,59	316.0,3,37,58	594.0,4,35,57	576.0,4,35,57	297.0,3,38,59	242.0,3,38,59	303.0,3,37,58	278.0,3,38,59	334.0,3,37,58	326.0,3,37,58	956.0,4,31,54	764.0,4,33,55	420.0,3,36,58	434.0,3,36,58	739.0,4,33,56	447.0,3,36,58	599.0,4,35,57	561.0,4,35,57	563.0,4,35,57	649.0,4,34,56	606.0,4,34,56	553.0,4,35,57	469.0,3,36,57	367.0,3,37,58	404.0,3,36,58	286.0,3,38,59	304.0,3,37,58	334.0,3,37,58	278.0,3,38,59	343.0,3,37,58	310.0,3,37,58	274.0,3,38,59	371.0,3,37,58	449.0,3,36,58	248.0,3,38,59	247.0,3,38,59	277.0,3,38,59	305.0,3,37,58	283.0,3,38,59	293.0,3,38,59	269.0,3,38,59	284.0,3,38,59	366.0,3,37,58	322.0,3,37,58	327.0,3,37,58	296.0,3,38,59	367.0,3,37,58	307.0,3,37,58	387.0,3,37,58	364.0,3,37,58	348.0,3,37,58	355.0,3,37,58	370.0,3,37,58	362.0,3,37,58	335.0,3,37,58	298.0,3,38,59	327.0,3,37,58	332.0,3,37,58	276.0,3,38,59	287.0,3,38,59	273.0,3,38,59	307.0,3,37,58	298.0,3,38,59	317.0,3,37,58	290.0,3,38,59	282.0,3,38,59	258.0,3,38,59	260.0,3,38,59	276.0,3,38,59	308.0,3,37,58	284.0,3,38,59	294.0,3,38,59	251.0,3,38,59	249.0,3,38,59	247.0,3,38,59	216.0,3,38,59	223.0,3,38,59	196.0,3,39,59	201.0,3,38,59
399.0,3,37,58	250.0,3,38,59	235.0,3,38,59	605.0,4,34,56	477.0,3,36,57	310.0,3,37,58	285.0,3,38,59	311.0,3,37,58	378.0,3,37,58	427.0,3,36,58	583.0,4,35,57	711.0,4,33,56	954.0,4,31,54	413.0,3,36,58	565.0,4,35,57	1057.0,5,30,53	1211.0,5,28,52	626.0,4,34,56	499.0,3,36,57	569.0,4,35,57	574.0,4,35,57	586.0,4,35,57	327.0,3,37,58	473.0,3,36,57	350.0,3,37,58	423.0,3,36,58	588.0,4,35,57	308.0,3,37,58	297.0,3,38,59	296.0,3,38,59	276.0,3,38,59	311.0,3,37,58	304.0,3,37,58	511.0,4,35,57	466.0,3,36,57	277.0,3,38,59	289.0,3,38,59	275.0,3,38,59	289.0,3,38,59	265.0,3,38,59	294.0,3,38,59	273.0,3,38,59	271.0,3,38,59	394.0,3,37,58	305.0,3,37,58	396.0,3,37,58	281.0,3,38,59	364.0,3,37,58	403.0,3,36,58	364.0,3,37,58	367.0,3,37,58	357.0,3,37,58	303.0,3,37,58	335.0,3,37,58	382.0,3,37,58	333.0,3,37,58	292.0,3,38,59	312.0,3,37,58	316.0,3,37,58	311.0,3,37,58	337.0,3,37,58	358.0,3,37,58	335.0,3,37,58	285.0,3,38,59	306.0,3,37,58	313.0,3,37,58	281.0,3,38,59	280.0,3,38,59	251.0,3,38,59	287.0,3,38,59	287.0,3,38,59	304.0,3,37,58	310.0,3,37,58	276.0,3,38,59	241.0,3,38,59	211.0,3,38,59	241.0,3,38,59	235.0,3,38,59	199.0,3,39,59	213.0,3,38,59
344.0,3,37,58	219.0,3,38,59	234.0,3,38,59	337.0,3,37,58	234.0,3,38,59	258.0,3,38,59	383.0,3,37,58	519.0,4,35,57	473.0,3,36,57	960.0,4,31,54	620.0,4,34,56	671.0,4,34,56	647.0,4,34,56	769.0,4,33,55	1293.0,5,28,52	830.0,4,32,55	749.0,4,33,56	883.0,4,32,55	756.0,4,33,55	1022.0,5,30,54	700.0,4,33,56	568.0,4,35,57	400.0,3,36,58	464.0,3,36,57	627.0,4,34,56	416.0,3,36,58	598.0,4,35,57	506.0,4,35,57	547.0,4,35,57	499.0,3,36,57	370.0,3,37,58	361.0,3,37,58	295.0,3,38,59	412.0,3,36,58	468.0,3,36,57	527.0,4,35,57	315.0,3,37,58	287.0,3,38,59	282.0,3,38,59	268.0,3,38,59	259.0,3,38,59	263.0,3,38,59	251.0,3,38,59	299.0,3,38,59	363.0,3,37,58	376.0,3,37,58	253.0,3,38,59	362.0,3,37,58	375.0,3,37,58	374.0,3,37,58	330.0,3,37,58	349.0,3,37,58	356.0,3,37,58	328.0,3,37,58	333.0,3,37,58	345.0,3,37,58	321.0,3,37,58	289.0,3,38,59	328.0,3,37,58	302.0,3,37,58	316.0,3,37,58	306.0,3,37,58	291.0,3,38,59	337.0,3,37,58	335.0,3,37,58	320.0,3,37,58	321.0,3,37,58	254.0,3,38,59	289.0,3,38,59	253.0,3,38,59	248.0,3,38,59	288.0,3,38,59	270.0,3,38,59	299.0,3,38,59	262.0,3,38,59	248.0,3,38,59	222.0,3,38,59	223.0,3,38,59	185.0,3,39,59	185.0,3,39,59
303.0,3,37,58	207.0,3,38,59	198.0,3,39,59	219.0,3,38,59	294.0,3,38,59	330.0,3,37,58	354.0,3,37,58	387.0,3,37,58	897.0,4,32,55	645.0,4,34,56	571.0,4,35,57	461.0,3,36,57	871.0,4,32,55	781.0,4,33,55	796.0,4,33,55	827.0,4,32,55	607.0,4,34,56	650.0,4,34,56	604.0,4,34,56	574.0,4,35,57	651.0,4,34,56	765.0,4,33,55	897.0,4,32,55	803.0,4,32,55	789.0,4,33,55	717.0,4,33,56	668.0,4,34,56	610.0,4,34,56	559.0,4,35,57	523.0,4,35,57	581.0,4,35,57	593.0,4,35,57	480.0,3,36,57	449.0,3,36,58	484.0,3,36,57	537.0,4,35,57	433.0,3,36,58	312.0,3,37,58	339.0,3,37,58	309.0,3,37,58	272.0,3,38,59	254.0,3,38,59	254.0,3,38,59	275.0,3,38,59	293.0,3,38,59	283.0,3,38,59	306.0,3,37,58	389.0,3,37,58	409.0,3,36,58	401.0,3,36,58	355.0,3,37,58	338.0,3,37,58	331.0,3,37,58	320.0,3,37,58	325.0,3,37,58	354.0,3,37,58	310.0,3,37,58	312.0,3,37,58	319.0,3,37,58	319.0,3,37,58	288.0,3,38,59	348.0,3,37,58	323.0,3,37,58	280.0,3,38,59	310.0,3,37,58	261.0,3,38,59	306.0,3,37,58	313.0,3,37,58	283.0,3,38,59	235.0,3,38,59	286.0,3,38,59	258.0,3,38,59	283.0,3,38,59	292.0,3,38,59	274.0,3,38,59	276.0,3,38,59	196.0,3,39,59	222.0,3,38,59	172.0,3,39,59	188.0,3,39,59
392.0,3,37,58	250.0,3,38,59	200.0,3,38,59	330.0,3,37,58	310.0,3,37,58	478.0,3,36,57	458.0,3,36,57	690.0,4,34,56	714.0,4,33,56	715.0,4,33,56	569.0,4,35,57	616.0,4,34,56	956.0,4,31,54	895.0,4,32,55	691.0,4,34,56	637.0,4,34,56	665.0,4,34,56	759.0,4,33,55	793.0,4,33,55	765.0,4,33,55	536.0,4,35,57	749.0,4,33,56	908.0,4,31,54	729.0,4,33,56	552.0,4,35,57	460.0,3,36,57	560.0,4,35,57	360.0,3,37,58	355.0,3,37,58	520.0,4,35,57	655.0,4,34,56	462.0,3,36,57	457.0,3,36,57	485.0,3,36,57	581.0,4,35,57	669.0,4,34,56	435.0,3,36,58	574.0,4,35,57	343.0,3,37,58	344.0,3,37,58	273.0,3,38,59	293.0,3,38,59	268.0,3,38,59	254.0,3,38,59	243.0,3,38,59	273.0,3,38,59	263.0,3,38,59	378.0,3,37,58	425.0,3,36,58	401.0,3,36,58	377.0,3,37,58	340.0,3,37,58	305.0,3,37,58	290.0,3,38,59	323.0,3,37,58	323.0,3,37,58	284.0,3,38,59	317.0,3,37,58	337.0,3,37,58	317.0,3,37,58	310.0,3,37,58	315.0,3,37,58	292.0,3,38,59	282.0,3,38,59	309.0,3,37,58	292.0,3,38,59	304.0,3,37,58	282.0,3,38,59	255.0,3,38,59	237.0,3,38,59	273.0,3,38,59	256.0,3,38,59	295.0,3,38,59	306.0,3,37,58	281.0,3,38,59	251.0,3,38,59	244.0,3,38,59	208.0,3,38,59	229.0,3,38,59	232.0,3,38,59
320.0,3,37,58	212.0,3,38,59	223.0,3,38,59	195.0,3,39,59	458.0,3,36,57	642.0,4,34,56	486.0,3,36,57	422.0,3,36,58	781.0,4,33,55	733.0,4,33,56	500.0,4,35,57	421.0,3,36,58	765.0,4,33,55	984.0,4,31,54	811.0,4,32,55	918.0,4,31,54	811.0,4,32,55	979.0,4,31,54	946.0,4,31,54	947.0,4,31,54	960.0,4,31,54	765.0,4,33,55	580.0,4,35,57	561.0,4,35,57	868.0,4,32,55	356.0,3,37,58	389.0,3,37,58	334.0,3,37,58	276.0,3,38,59	518.0,4,35,57	593.0,4,35,57	548.0,4,35,57	557.0,4,35,57	495.0,3,36,57	492.0,3,36,57	717.0,4,33,56	555.0,4,35,57	610.0,4,34,56	525.0,4,35,57	344.0,3,37,58	300.0,3,37,58	310.0,3,37,58	276.0,3,38,59	260.0,3,38,59	238.0,3,38,59	254.0,3,38,59	250.0,3,38,59	254.0,3,38,59	373.0,3,37,58	378.0,3,37,58	390.0,3,37,58	333.0,3,37,58	327.0,3,37,58	351.0,3,37,58	330.0,3,37,58	298.0,3,38,59	330.0,3,37,58	286.0,3,38,59	327.0,3,37,58	342.0,3,37,58	333.0,3,37,58	322.0,3,37,58	281.0,3,38,59	338.0,3,37,58	320.0,3,37,58	342.0,3,37,58	287.0,3,38,59	280.0,3,38,59	321.0,3,37,58	272.0,3,38,59	248.0,3,38,59	257.0,3,38,59	261.0,3,38,59	256.0,3,38,59	326.0,3,37,58	257.0,3,38,59	201.0,3,38,59	199.0,3,39,59	241.0,3,38,59	229.0,3,38,59
334.0,3,37,58	311.0,3,37,58	228.0,3,38,59	182.0,3,39,59	297.0,3,38,59	351.0,3,37,58	424.0,3,36,58	714.0,4,33,56	529.0,4,35,57	539.0,4,35,57	310.0,3,37,58	479.0,3,36,57	467.0,3,36,57	672.0,4,34,56	547.0,4,35,57	712.0,4,33,56	816.0,4,32,55	1378.0,5,27,51	1372.0,5,27,51	1197.0,5,29,53	970.0,4,31,54	636.0,4,34,56	727.0,4,33,56	554.0,4,35,57	819.0,4,32,55	621.0,4,34,56	400.0,3,36,58	222.0,3,38,59	203.0,3,38,59	382.0,3,37,58	377.0,3,37,58	545.0,4,35,57	848.0,4,32,55	657.0,4,34,56	715.0,4,33,56	628.0,4,34,56	616.0,4,34,56	596.0,4,35,57	628.0,4,34,56	784.0,4,33,55	372.0,3,37,58	330.0,3,37,58	320.0,3,37,58	281.0,3,38,59	249.0,3,38,59	324.0,3,37,58	303.0,3,37,58	258.0,3,38,59	315.0,3,37,58	390.0,3,37,58	384.0,3,37,58	348.0,3,37,58	339.0,3,37,58	311.0,3,37,58	322.0,3,37,58	295.0,3,38,59	264.0,3,38,59	313.0,3,37,58	313.0,3,37,58	337.0,3,37,58	281.0,3,38,59	323.0,3,37,58	318.0,3,37,58	345.0,3,37,58	334.0,3,37,58	330.0,3,37,58	313.0,3,37,58	281.0,3,38,59	290.0,3,38,59	271.0,3,38,59	256.0,3,38,59	275.0,3,38,59	266.0,3,38,59	249.0,3,38,59	260.0,3,38,59	221.0,3,38,59	238.0,3,38,59	255.0,3,38,59	243.0,3,38,59	232.0,3,38,59
248.0,3,38,59	327.0,3,37,58	490.0,3,36,57	276.0,3,38,59	399.0,3,37,58	517.0,4,35,57	479.0,3,36,57	566.0,4,35,57	529.0,4,35,57	290.0,3,38,59	469.0,3,36,57	463.0,3,36,57	1116.0,5,29,53	496.0,3,36,57	569.0,4,35,57	1148.0,5,29,53	1253.0,5,28,52	1753.0,5,23,49	1755.0,5,23,49	2035.0,5,20,47	904.0,4,31,54	615.0,4,34,56	1065.0,5,30,53	1010.0,5,30,54	569.0,4,35,57	925.0,4,31,54	344.0,3,37,58	190.0,3,39,59	328.0,3,37,58	388.0,3,37,58	358.0,3,37,58	514.0,4,35,57	815.0,4,32,55	621.0,4,34,56	688.0,4,34,56	671.0,4,34,56	707.0,4,33,56	672.0,4,34,56	663.0,4,34,56	480.0,3,36,57	474.0,3,36,57	327.0,3,37,58	344.0,3,37,58	280.0,3,38,59	291.0,3,38,59	329.0,3,37,58	267.0,3,38,59	215.0,3,38,59	291.0,3,38,59	250.0,3,38,59	371.0,3,37,58	351.0,3,37,58	352.0,3,37,58	247.0,3,38,59	313.0,3,37,58	297.0,3,38,59	316.0,3,37,58	317.0,3,37,58	299.0,3,38,59	344.0,3,37,58	294.0,3,38,59	269.0,3,38,59	316.0,3,37,58	343.0,3,37,58	320.0,3,37,58	309.0,3,37,58	286.0,3,38,59	300.0,3,37,58	301.0,3,37,58	288.0,3,38,59	296.0,3,38,59	300.0,3,37,58	286.0,3,38,59	241.0,3,38,59	257.0,3,38,59	258.0,3,38,59	212.0,3,38,59	238.0,3,38,59	195.0,3,39,59	237.0,3,38,59
412.0,3,36,58	319.0,3,37,58	379.0,3,37,58	182.0,3,39,59	335.0,3,37,58	452.0,3,36,57	483.0,3,36,57	588.0,4,35,57	263.0,3,38,59	365.0,3,37,58	436.0,3,36,58	1369.0,5,27,51	386.0,3,37,58	552.0,4,35,57	527.0,4,35,57	596.0,4,35,57	644.0,4,34,56	774.0,4,33,55	945.0,4,31,54	930.0,4,31,54	689.0,4,34,56	781.0,4,33,55	894.0,4,32,55	754.0,4,33,55	671.0,4,34,56	350.0,3,37,58	373.0,3,37,58	356.0,3,37,58	322.0,3,37,58	324.0,3,37,58	206.0,3,38,59	622.0,4,34,56	523.0,4,35,57	1147.0,5,29,53	952.0,4,31,54	1062.0,5,30,53	717.0,4,33,56	577.0,4,35,57	744.0,4,33,56	580.0,4,35,57	386.0,3,37,58	458.0,3,36,57	336.0,3,37,58	374.0,3,37,58	295.0,3,38,59	266.0,3,38,59	291.0,3,38,59	271.0,3,38,59	294.0,3,38,59	342.0,3,37,58	372.0,3,37,58	350.0,3,37,58	354.0,3,37,58	339.0,3,37,58	328.0,3,37,58	322.0,3,37,58	292.0,3,38,59	330.0,3,37,58	321.0,3,37,58	331.0,3,37,58	331.0,3,37,58	310.0,3,37,58	304.0,3,37,58	335.0,3,37,58	325.0,3,37,58	343.0,3,37,58	336.0,3,37,58	305.0,3,37,58	251.0,3,38,59	259.0,3,38,59	281.0,3,38,59	287.0,3,38,59	295.0,3,38,59	246.0,3,38,59	204.0,3,38,59	230.0,3,38,59	226.0,3,38,59	253.0,3,38,59	193.0,3,39,59	214.0,3,38,59
240.0,3,38,59	259.0,3,38,59	237.0,3,38,59	250.0,3,38,59	226.0,3,38,59	338.0,3,37,58	760.0,4,33,55	369.0,3,37,58	363.0,3,37,58	485.0,3,36,57	788.0,4,33,55	809.0,4,32,55	450.0,3,36,57	782.0,4,33,55	831.0,4,32,55	720.0,4,33,56	1357.0,5,27,51	810.0,4,32,55	876.0,4,32,55	877.0,4,32,55	691.0,4,34,56	718.0,4,33,56	622.0,4,34,56	519.0,4,35,57	539.0,4,35,57	383.0,3,37,58	268.0,3,38,59	292.0,3,38,59	454.0,3,36,57	192.0,3,39,59	278.0,3,38,59	395.0,3,37,58	475.0,3,36,57	714.0,4,33,56	402.0,3,36,58	872.0,4,32,55	839.0,4,32,55	662.0,4,34,56	1025.0,5,30,54	614.0,4,34,56	605.0,4,34,56	616.0,4,34,56	378.0,3,37,58	481.0,3,36,57	325.0,3,37,58	271.0,3,38,59	346.0,3,37,58	218.0,3,38,59	202.0,3,38,59	280.0,3,38,59	402.0,3,36,58	354.0,3,37,58	334.0,3,37,58	339.0,3,37,58	289.0,3,38,59	298.0,3,38,59	292.0,3,38,59	356.0,3,37,58	278.0,3,38,59	343.0,3,37,58	283.0,3,38,59	293.0,3,38,59	316.0,3,37,58	286.0,3,38,59	277.0,3,38,59	346.0,3,37,58	368.0,3,37,58	302.0,3,37,58	292.0,3,38,59	272.0,3,38,59	244.0,3,38,59	285.0,3,38,59	290.0,3,38,59	287.0,3,38,59	273.0,3,38,59	235.0,3,38,59	234.0,3,38,59	241.0,3,38,59	266.0,3,38,59	247.0,3,38,59
206.0,3,38,59	182.0,3,39,59	174.0,3,39,59	320.0,3,37,58	305.0,3,37,58	577.0,4,35,57	424.0,3,36,58	223.0,3,38,59	417.0,3,36,58	921.0,4,31,54	946.0,4,31,54	514.0,4,35,57	829.0,4,32,55	926.0,4,31,54	880.0,4,32,55	1230.0,5,28,52	1629.0,5,24,50	1170.0,5,29,53	884.0,4,32,55	1126.0,5,29,53	799.0,4,33,55	552.0,4,35,57	502.0,4,35,57	428.0,3,36,58	487.0,3,36,57	377.0,3,37,58	279.0,3,38,59	804.0,4,32,55	194.0,3,39,59	192.0,3,39,59	214.0,3,38,59	300.0,3,37,58	420.0,3,36,58	238.0,3,38,59	558.0,4,35,57	893.0,4,32,55	920.0,4,31,54	656.0,4,34,56	933.0,4,31,54	852.0,4,32,55	1154.0,5,29,53	869.0,4,32,55	414.0,3,36,58	389.0,3,37,58	350.0,3,37,58	409.0,3,36,58	397.0,3,37,58	230.0,3,38,59	275.0,3,38,59	320.0,3,37,58	372.0,3,37,58	358.0,3,37,58	336.0,3,37,58	288.0,3,38,59	301.0,3,37,58	295.0,3,38,59	267.0,3,38,59	284.0,3,38,59	230.0,3,38,59	322.0,3,37,58	306.0,3,37,58	192.0,3,39,59	285.0,3,38,59	291.0,3,38,59	256.0,3,38,59	274.0,3,38,59	315.0,3,37,58	273.0,3,38,59	318.0,3,37,58	287.0,3,38,59	295.0,3,38,59	253.0,3,38,59	238.0,3,38,59	269.0,3,38,59	255.0,3,38,59	241.0,3,38,59	205.0,3,38,59	222.0,3,38,59	254.0,3,38,59	207.0,3,38,59
283.0,3,38,59	198.0,3,39,59	206.0,3,38,59	298.0,3,38,59	626.0,4,34,56	599.0,4,35,57	202.0,3,38,59	493.0,3,36,57	724.0,4,33,56	502.0,4,35,57	394.0,3,37,58	481.0,3,36,57	856.0,4,32,55	948.0,4,31,54	1100.0,5,29,53	1134.0,5,29,53	1166.0,5,29,53	764.0,4,33,55	787.0,4,33,55	1815.0,5,22,48	998.0,4,31,54	947.0,4,31,54	572.0,4,35,57	538.0,4,35,57	636.0,4,34,56	356.0,3,37,58	253.0,3,38,59	467.0,3,36,57	249.0,3,38,59	157.0,3,39,59	220.0,3,38,59	742.0,4,33,56	551.0,4,35,57	291.0,3,38,59	479.0,3,36,57	666.0,4,34,56	940.0,4,31,54	854.0,4,32,55	790.0,4,33,55	768.0,4,33,55	1096.0,5,30,53	776.0,4,33,55	497.0,3,36,57	455.0,3,36,57	412.0,3,36,58	466.0,3,36,57	289.0,3,38,59	259.0,3,38,59	331.0,3,37,58	322.0,3,37,58	193.0,3,39,59	363.0,3,37,58	341.0,3,37,58	310.0,3,37,58	295.0,3,38,59	323.0,3,37,58	262.0,3,38,59	233.0,3,38,59	318.0,3,37,58	342.0,3,37,58	313.0,3,37,58	312.0,3,37,58	286.0,3,38,59	239.0,3,38,59	253.0,3,38,59	297.0,3,38,59	298.0,3,38,59	290.0,3,38,59	271.0,3,38,59	308.0,3,37,58	273.0,3,38,59	237.0,3,38,59	241.0,3,38,59	223.0,3,38,59	248.0,3,38,59	273.0,3,38,59	254.0,3,38,59	233.0,3,38,59	268.0,3,38,59	246.0,3,38,59
177.0,3,39,59	183.0,3,39,59	424.0,3,36,58	392.0,3,37,58	452.0,3,36,57	236.0,3,38,59	337.0,3,37,58	314.0,3,37,58	517.0,4,35,57	320.0,3,37,58	285.0,3,38,59	562.0,4,35,57	1253.0,5,28,52	838.0,4,32,55	714.0,4,33,56	450.0,3,36,57	537.0,4,35,57	985.0,4,31,54	1115.0,5,29,53	830.0,4,32,55	836.0,4,32,55	1140.0,5,29,53	670.0,4,34,56	567.0,4,35,57	571.0,4,35,57	585.0,4,35,57	293.0,3,38,59	339.0,3,37,58	456.0,3,36,57	127.0,3,39,60	141.0,3,39,60	134.0,3,39,60	470.0,3,36,57	327.0,3,37,58	573.0,4,35,57	672.0,4,34,56	729.0,4,33,56	653.0,4,34,56	1106.0,5,29,53	998.0,4,31,54	929.0,4,31,54	936.0,4,31,54	996.0,4,31,54	759.0,4,33,55	479.0,3,36,57	419.0,3,36,58	323.0,3,37,58	286.0,3,38,59	270.0,3,38,59	301.0,3,37,58	211.0,3,38,59	377.0,3,37,58	338.0,3,37,58	305.0,3,37,58	282.0,3,38,59	273.0,3,38,59	265.0,3,38,59	238.0,3,38,59	201.0,3,38,59	303.0,3,37,58	321.0,3,37,58	275.0,3,38,59	291.0,3,38,59	275.0,3,38,59	290.0,3,38,59	242.0,3,38,59	312.0,3,37,58	261.0,3,38,59	247.0,3,38,59	258.0,3,38,59	303.0,3,37,58	269.0,3,38,59	233.0,3,38,59	228.0,3,38,59	220.0,3,38,59	222.0,3,38,59	253.0,3,38,59	248.0,3,38,59	244.0,3,38,59	257.0,3,38,59
159.0,3,39,59	193.0,3,39,59	319.0,3,37,58	320.0,3,37,58	355.0,3,37,58	178.0,3,39,59	577.0,4,35,57	248.0,3,38,59	228.0,3,38,59	333.0,3,37,58	424.0,3,36,58	621.0,4,34,56	1170.0,5,29,53	348.0,3,37,58	600.0,4,34,56	899.0,4,32,55	807.0,4,32,55	934.0,4,31,54	1201.0,5,28,52	752.0,4,33,55	753.0,4,33,55	650.0,4,34,56	1230.0,5,28,52	674.0,4,34,56	454.0,3,36,57	454.0,3,36,57	257.0,3,38,59	257.0,3,38,59	231.0,3,38,59	107.0,3,39,60	111.0,3,39,60	108.0,3,39,60	211.0,3,38,59	257.0,3,38,59	356.0,3,37,58	559.0,4,35,57	684.0,4,34,56	475.0,3,36,57	762.0,4,33,55	924.0,4,31,54	852.0,4,32,55	1061.0,5,30,53	1014.0,5,30,54	1013.0,5,30,54	765.0,4,33,55	454.0,3,36,57	367.0,3,37,58	313.0,3,37,58	293.0,3,38,59	362.0,3,37,58	258.0,3,38,59	305.0,3,37,58	297.0,3,38,59	298.0,3,38,59	307.0,3,37,58	275.0,3,38,59	243.0,3,38,59	267.0,3,38,59	186.0,3,39,59	286.0,3,38,59	287.0,3,38,59	266.0,3,38,59	265.0,3,38,59	245.0,3,38,59	160.0,3,39,59	212.0,3,38,59	267.0,3,38,59	296.0,3,38,59	268.0,3,38,59	270.0,3,38,59	302.0,3,37,58	274.0,3,38,59	236.0,3,38,59	263.0,3,38,59	224.0,3,38,59	175.0,3,39,59	212.0,3,38,59	230.0,3,38,59	222.0,3,38,59	248.0,3,38,59
150.0,3,39,59	210.0,3,38,59	188.0,3,39,59	344.0,3,37,58	299.0,3,38,59	166.0,3,39,59	477.0,3,36,57	233.0,3,38,59	209.0,3,38,59	237.0,3,38,59	777.0,4,33,55	449.0,3,36,58	872.0,4,32,55	318.0,3,37,58	552.0,4,35,57	963.0,4,31,54	915.0,4,31,54	840.0,4,32,55	547.0,4,35,57	379.0,3,37,58	665.0,4,34,56	606.0,4,34,56	585.0,4,35,57	741.0,4,33,56	420.0,3,36,58	278.0,3,38,59	189.0,3,39,59	402.0,3,36,58	189.0,3,39,59	102.0,3,39,60	101.0,3,39,60	99.0,3,40,60	135.0,3,39,60	433.0,3,36,58	759.0,4,33,55	245.0,3,38,59	460.0,3,36,57	721.0,4,33,56	1175.0,5,29,53	819.0,4,32,55	762.0,4,33,55	920.0,4,31,54	1323.0,5,27,52	739.0,4,33,56	711.0,4,33,56	475.0,3,36,57	446.0,3,36,58	377.0,3,37,58	352.0,3,37,58	313.0,3,37,58	312.0,3,37,58	283.0,3,38,59	221.0,3,38,59	266.0,3,38,59	229.0,3,38,59	212.0,3,38,59	259.0,3,38,59	269.0,3,38,59	231.0,3,38,59	310.0,3,37,58	250.0,3,38,59	301.0,3,37,58	220.0,3,38,59	238.0,3,38,59	255.0,3,38,59	181.0,3,39,59	235.0,3,38,59	204.0,3,38,59	292.0,3,38,59	306.0,3,37,58	279.0,3,38,59	273.0,3,38,59	210.0,3,38,59	190.0,3,39,59	175.0,3,39,59	224.0,3,38,59	228.0,3,38,59	228.0,3,38,59	209.0,3,38,59	239.0,3,38,59
148.0,3,39,60	222.0,3,38,59	221.0,3,38,59	402.0,3,36,58	232.0,3,38,59	162.0,3,39,59	500.0,4,35,57	214.0,3,38,59	203.0,3,38,59	334.0,3,37,58	675.0,4,34,56	297.0,3,38,59	391.0,3,37,58	348.0,3,37,58	403.0,3,36,58	722.0,4,33,56	984.0,4,31,54	600.0,4,34,56	413.0,3,36,58	342.0,3,37,58	249.0,3,38,59	675.0,4,34,56	334.0,3,37,58	190.0,3,39,59	184.0,3,39,59	219.0,3,38,59	181.0,3,39,59	584.0,4,35,57	197.0,3,39,59	100.0,3,39,60	98.0,3,40,60	103.0,3,39,60	109.0,3,39,60	320.0,3,37,58	307.0,3,37,58	575.0,4,35,57	435.0,3,36,58	372.0,3,37,58	662.0,4,34,56	723.0,4,33,56	968.0,4,31,54	1243.0,5,28,52	1672.0,5,24,49	1192.0,5,29,53	840.0,4,32,55	614.0,4,34,56	510.0,4,35,57	446.0,3,36,58	339.0,3,37,58	329.0,3,37,58	317.0,3,37,58	261.0,3,38,59	255.0,3,38,59	271.0,3,38,59	132.0,3,39,60	134.0,3,39,60	263.0,3,38,59	238.0,3,38,59	222.0,3,38,59	198.0,3,39,59	213.0,3,38,59	248.0,3,38,59	162.0,3,39,59	244.0,3,38,59	228.0,3,38,59	260.0,3,38,59	177.0,3,39,59	234.0,3,38,59	241.0,3,38,59	286.0,3,38,59	288.0,3,38,59	251.0,3,38,59	256.0,3,38,59	256.0,3,38,59	250.0,3,38,59	217.0,3,38,59	201.0,3,38,59	165.0,3,39,59	198.0,3,39,59	228.0,3,38,59
153.0,3,39,59	204.0,3,38,59	355.0,3,37,58	227.0,3,38,59	187.0,3,39,59	146.0,3,39,60	179.0,3,39,59	158.0,3,39,59	339.0,3,37,58	420.0,3,36,58	408.0,3,36,58	452.0,3,36,57	643.0,4,34,56	569.0,4,35,57	437.0,3,36,58	448.0,3,36,58	496.0,3,36,57	603.0,4,34,56	318.0,3,37,58	380.0,3,37,58	278.0,3,38,59	427.0,3,36,58	455.0,3,36,57	174.0,3,39,59	252.0,3,38,59	238.0,3,38,59	158.0,3,39,59	246.0,3,38,59	126.0,3,39,60	129.0,3,39,60	97.0,3,40,60	98.0,3,40,60	105.0,3,39,60	111.0,3,39,60	121.0,3,39,60	205.0,3,38,59	480.0,3,36,57	351.0,3,37,58	666.0,4,34,56	741.0,4,33,56	646.0,4,34,56	912.0,4,31,54	1111.0,5,29,53	1283.0,5,28,52	919.0,4,31,54	869.0,4,32,55	693.0,4,34,56	643.0,4,34,56	320.0,3,37,58	269.0,3,38,59	258.0,3,38,59	280.0,3,38,59	302.0,3,37,58	241.0,3,38,59	252.0,3,38,59	224.0,3,38,59	262.0,3,38,59	153.0,3,39,59	180.0,3,39,59	196.0,3,39,59	246.0,3,38,59	242.0,3,38,59	243.0,3,38,59	257.0,3,38,59	217.0,3,38,59	133.0,3,39,60	213.0,3,38,59	158.0,3,39,59	236.0,3,38,59	277.0,3,38,59	257.0,3,38,59	285.0,3,38,59	302.0,3,37,58	235.0,3,38,59	216.0,3,38,59	179.0,3,39,59	201.0,3,38,59	175.0,3,39,59	226.0,3,38,59	221.0,3,38,59
152.0,3,39,59	208.0,3,38,59	384.0,3,37,58	198.0,3,39,59	164.0,3,39,59	234.0,3,38,59	166.0,3,39,59	236.0,3,38,59	365.0,3,37,58	319.0,3,37,58	381.0,3,37,58	462.0,3,36,57	617.0,4,34,56	429.0,3,36,58	822.0,4,32,55	512.0,4,35,57	336.0,3,37,58	260.0,3,38,59	229.0,3,38,59	263.0,3,38,59	306.0,3,37,58	368.0,3,37,58	252.0,3,38,59	155.0,3,39,59	234.0,3,38,59	247.0,3,38,59	229.0,3,38,59	308.0,3,37,58	139.0,3,39,60	238.0,3,38,59	106.0,3,39,60	99.0,3,40,60	99.0,3,40,60	111.0,3,39,60	111.0,3,39,60	165.0,3,39,59	475.0,3,36,57	802.0,4,32,55	245.0,3,38,59	760.0,4,33,55	757.0,4,33,55	897.0,4,32,55	1327.0,5,27,52	936.0,4,31,54	871.0,4,32,55	1196.0,5,29,53	759.0,4,33,55	548.0,4,35,57	478.0,3,36,57	357.0,3,37,58	268.0,3,38,59	217.0,3,38,59	275.0,3,38,59	302.0,3,37,58	213.0,3,38,59	329.0,3,37,58	362.0,3,37,58	267.0,3,38,59	165.0,3,39,59	191.0,3,39,59	259.0,3,38,59	286.0,3,38,59	251.0,3,38,59	267.0,3,38,59	195.0,3,39,59	70.0,3,40,60	235.0,3,38,59	104.0,3,39,60	218.0,3,38,59	221.0,3,38,59	258.0,3,38,59	263.0,3,38,59	289.0,3,38,59	255.0,3,38,59	232.0,3,38,59	194.0,3,39,59	203.0,3,38,59	187.0,3,39,59	164.0,3,39,59	186.0,3,39,59
157.0,3,39,59	346.0,3,37,58	354.0,3,37,58	174.0,3,39,59	146.0,3,39,60	173.0,3,39,59	185.0,3,39,59	350.0,3,37,58	198.0,3,39,59	436.0,3,36,58	415.0,3,36,58	532.0,4,35,57	605.0,4,34,56	545.0,4,35,57	503.0,4,35,57	554.0,4,35,57	201.0,3,38,59	255.0,3,38,59	261.0,3,38,59	219.0,3,38,59	161.0,3,39,59	280.0,3,38,59	221.0,3,38,59	291.0,3,38,59	196.0,3,39,59	222.0,3,38,59	293.0,3,38,59	389.0,3,37,58	110.0,3,39,60	103.0,3,39,60	96.0,3,40,60	100.0,3,39,60	101.0,3,39,60	103.0,3,39,60	108.0,3,39,60	111.0,3,39,60	224.0,3,38,59	347.0,3,37,58	268.0,3,38,59	775.0,4,33,55	453.0,3,36,57	1358.0,5,27,51	838.0,4,32,55	1029.0,5,30,54	986.0,4,31,54	1076.0,5,30,53	851.0,4,32,55	960.0,4,31,54	463.0,3,36,57	374.0,3,37,58	277.0,3,38,59	243.0,3,38,59	200.0,3,38,59	183.0,3,39,59	184.0,3,39,59	254.0,3,38,59	199.0,3,39,59	187.0,3,39,59	197.0,3,39,59	157.0,3,39,59	205.0,3,38,59	277.0,3,38,59	225.0,3,38,59	265.0,3,38,59	220.0,3,38,59	247.0,3,38,59	222.0,3,38,59	190.0,3,39,59	226.0,3,38,59	206.0,3,38,59	209.0,3,38,59	173.0,3,39,59	247.0,3,38,59	215.0,3,38,59	246.0,3,38,59	247.0,3,38,59	190.0,3,39,59	141.0,3,39,60	185.0,3,39,59	194.0,3,39,59
145.0,3,39,60	548.0,4,35,57	149.0,3,39,60	141.0,3,39,60	127.0,3,39,60	147.0,3,39,60	174.0,3,39,59	206.0,3,38,59	167.0,3,39,59	265.0,3,38,59	304.0,3,37,58	378.0,3,37,58	220.0,3,38,59	425.0,3,36,58	482.0,3,36,57	272.0,3,38,59	240.0,3,38,59	200.0,3,38,59	272.0,3,38,59	192.0,3,39,59	160.0,3,39,59	317.0,3,37,58	205.0,3,38,59	189.0,3,39,59	211.0,3,38,59	129.0,3,39,60	458.0,3,36,57	151.0,3,39,59	97.0,3,40,60	94.0,3,40,60	93.0,3,40,60	97.0,3,40,60	103.0,3,39,60	100.0,3,39,60	108.0,3,39,60	108.0,3,39,60	137.0,3,39,60	143.0,3,39,60	594.0,4,35,57	298.0,3,38,59	437.0,3,36,58	670.0,4,34,56	1076.0,5,30,53	1270.0,5,28,52	1082.0,5,30,53	771.0,4,33,55	807.0,4,32,55	1305.0,5,27,52	767.0,4,33,55	543.0,4,35,57	305.0,3,37,58	314.0,3,37,58	289.0,3,38,59	283.0,3,38,59	334.0,3,37,58	237.0,3,38,59	236.0,3,38,59	187.0,3,39,59	176.0,3,39,59	202.0,3,38,59	183.0,3,39,59	257.0,3,38,59	206.0,3,38,59	243.0,3,38,59	248.0,3,38,59	201.0,3,38,59	273.0,3,38,59	178.0,3,39,59	172.0,3,39,59	172.0,3,39,59	191.0,3,39,59	229.0,3,38,59	253.0,3,38,59	227.0,3,38,59	261.0,3,38,59	215.0,3,38,59	231.0,3,38,59	235.0,3,38,59	206.0,3,38,59	200.0,3,38,59
152.0,3,39,59	267.0,3,38,59	163.0,3,39,59	119.0,3,39,60	118.0,3,39,60	116.0,3,39,60	159.0,3,39,59	128.0,3,39,60	144.0,3,39,60	174.0,3,39,59	217.0,3,38,59	325.0,3,37,58	246.0,3,38,59	412.0,3,36,58	380.0,3,37,58	262.0,3,38,59	176.0,3,39,59	247.0,3,38,59	393.0,3,37,58	289.0,3,38,59	198.0,3,39,59	425.0,3,36,58	281.0,3,38,59	120.0,3,39,60	140.0,3,39,60	164.0,3,39,59	396.0,3,37,58	99.0,3,40,60	93.0,3,40,60	93.0,3,40,60	95.0,3,40,60	105.0,3,39,60	105.0,3,39,60	107.0,3,39,60	109.0,3,39,60	115.0,3,39,60	287.0,3,38,59	219.0,3,38,59	623.0,4,34,56	298.0,3,38,59	601.0,4,34,56	487.0,3,36,57	664.0,4,34,56	1112.0,5,29,53	1470.0,5,26,51	1045.0,5,30,54	1074.0,5,30,53	1236.0,5,28,52	782.0,4,33,55	658.0,4,34,56	458.0,3,36,57	406.0,3,36,58	376.0,3,37,58	301.0,3,37,58	237.0,3,38,59	219.0,3,38,59	137.0,3,39,60	129.0,3,39,60	118.0,3,39,60	202.0,3,38,59	142.0,3,39,60	191.0,3,39,59	194.0,3,39,59	203.0,3,38,59	206.0,3,38,59	211.0,3,38,59	213.0,3,38,59	204.0,3,38,59	107.0,3,39,60	88.0,3,40,60	167.0,3,39,59	187.0,3,39,59	240.0,3,38,59	266.0,3,38,59	263.0,3,38,59	206.0,3,38,59	233.0,3,38,59	139.0,3,39,60	128.0,3,39,60	153.0,3,39,59
136.0,3,39,60	137.0,3,39,60	125.0,3,39,60	119.0,3,39,60	115.0,3,39,60	115.0,3,39,60	112.0,3,39,60	149.0,3,39,60	161.0,3,39,59	161.0,3,39,59	144.0,3,39,60	228.0,3,38,59	144.0,3,39,60	404.0,3,36,58	247.0,3,38,59	236.0,3,38,59	276.0,3,38,59	592.0,4,35,57	260.0,3,38,59	270.0,3,38,59	285.0,3,38,59	320.0,3,37,58	188.0,3,39,59	122.0,3,39,60	111.0,3,39,60	184.0,3,39,59	99.0,3,40,60	94.0,3,40,60	94.0,3,40,60	93.0,3,40,60	94.0,3,40,60	109.0,3,39,60	106.0,3,39,60	108.0,3,39,60	109.0,3,39,60	114.0,3,39,60	122.0,3,39,60	306.0,3,37,58	371.0,3,37,58	328.0,3,37,58	301.0,3,37,58	406.0,3,36,58	459.0,3,36,57	1002.0,5,30,54	1216.0,5,28,52	1605.0,5,24,50	1190.0,5,29,53	810.0,4,32,55	937.0,4,31,54	601.0,4,34,56	733.0,4,33,56	446.0,3,36,58	415.0,3,36,58	363.0,3,37,58	344.0,3,37,58	305.0,3,37,58	256.0,3,38,59	219.0,3,38,59	174.0,3,39,59	184.0,3,39,59	164.0,3,39,59	144.0,3,39,60	212.0,3,38,59	199.0,3,39,59	207.0,3,38,59	185.0,3,39,59	192.0,3,39,59	223.0,3,38,59	194.0,3,39,59	84.0,3,40,60	139.0,3,39,60	226.0,3,38,59	275.0,3,38,59	234.0,3,38,59	262.0,3,38,59	237.0,3,38,59	210.0,3,38,59	158.0,3,39,59	133.0,3,39,60	113.0,3,39,60
181.0,3,39,59	135.0,3,39,60	125.0,3,39,60	117.0,3,39,60	112.0,3,39,60	110.0,3,39,60	107.0,3,39,60	123.0,3,39,60	191.0,3,39,59	166.0,3,39,59	137.0,3,39,60	157.0,3,39,59	234.0,3,38,59	149.0,3,39,60	140.0,3,39,60	148.0,3,39,60	227.0,3,38,59	279.0,3,38,59	336.0,3,37,58	358.0,3,37,58	327.0,3,37,58	887.0,4,32,55	438.0,3,36,58	138.0,3,39,60	108.0,3,39,60	96.0,3,40,60	89.0,3,40,60	95.0,3,40,60	104.0,3,39,60	97.0,3,40,60	99.0,3,40,60	114.0,3,39,60	124.0,3,39,60	107.0,3,39,60	110.0,3,39,60	113.0,3,39,60	119.0,3,39,60	131.0,3,39,60	474.0,3,36,57	184.0,3,39,59	267.0,3,38,59	284.0,3,38,59	529.0,4,35,57	805.0,4,32,55	545.0,4,35,57	904.0,4,31,54	1584.0,5,25,50	891.0,4,32,55	750.0,4,33,55	836.0,4,32,55	775.0,4,33,55	748.0,4,33,56	429.0,3,36,58	418.0,3,36,58	378.0,3,37,58	393.0,3,37,58	242.0,3,38,59	223.0,3,38,59	167.0,3,39,59	139.0,3,39,60	153.0,3,39,59	103.0,3,39,60	242.0,3,38,59	127.0,3,39,60	200.0,3,38,59	154.0,3,39,59	122.0,3,39,60	144.0,3,39,60	190.0,3,39,59	156.0,3,39,59	170.0,3,39,59	178.0,3,39,59	240.0,3,38,59	263.0,3,38,59	246.0,3,38,59	235.0,3,38,59	231.0,3,38,59	146.0,3,39,60	172.0,3,39,59	199.0,3,39,59
135.0,3,39,60	128.0,3,39,60	122.0,3,39,60	116.0,3,39,60	111.0,3,39,60	109.0,3,39,60	110.0,3,39,60	116.0,3,39,60	179.0,3,39,59	163.0,3,39,59	126.0,3,39,60	116.0,3,39,60	349.0,3,37,58	167.0,3,39,59	186.0,3,39,59	232.0,3,38,59	322.0,3,37,58	213.0,3,38,59	244.0,3,38,59	190.0,3,39,59	323.0,3,37,58	390.0,3,37,58	409.0,3,36,58	208.0,3,38,59	102.0,3,39,60	89.0,3,40,60	91.0,3,40,60	96.0,3,40,60	102.0,3,39,60	102.0,3,39,60	111.0,3,39,60	139.0,3,39,60	130.0,3,39,60	109.0,3,39,60	108.0,3,39,60	116.0,3,39,60	119.0,3,39,60	143.0,3,39,60	325.0,3,37,58	455.0,3,36,57	213.0,3,38,59	413.0,3,36,58	374.0,3,37,58	641.0,4,34,56	1016.0,5,30,54	1042.0,5,30,54	1323.0,5,27,52	881.0,4,32,55	846.0,4,32,55	650.0,4,34,56	854.0,4,32,55	808.0,4,32,55	459.0,3,36,57	389.0,3,37,58	369.0,3,37,58	325.0,3,37,58	332.0,3,37,58	182.0,3,39,59	150.0,3,39,59	136.0,3,39,60	156.0,3,39,59	173.0,3,39,59	175.0,3,39,59	153.0,3,39,59	172.0,3,39,59	203.0,3,38,59	202.0,3,38,59	198.0,3,39,59	176.0,3,39,59	193.0,3,39,59	155.0,3,39,59	44.0,3,40,60	173.0,3,39,59	192.0,3,39,59	193.0,3,39,59	237.0,3,38,59	185.0,3,39,59	210.0,3,38,59	195.0,3,39,59	192.0,3,39,59
158.0,3,39,59	125.0,3,39,60	121.0,3,39,60	114.0,3,39,60	112.0,3,39,60	108.0,3,39,60	107.0,3,39,60	110.0,3,39,60	127.0,3,39,60	191.0,3,39,59	129.0,3,39,60	200.0,3,38,59	626.0,4,34,56	236.0,3,38,59	191.0,3,39,59	291.0,3,38,59	522.0,4,35,57	324.0,3,37,58	367.0,3,37,58	203.0,3,38,59	205.0,3,38,59	365.0,3,37,58	285.0,3,38,59	146.0,3,39,60	96.0,3,40,60	96.0,3,40,60	91.0,3,40,60	96.0,3,40,60	110.0,3,39,60	111.0,3,39,60	117.0,3,39,60	144.0,3,39,60	137.0,3,39,60	108.0,3,39,60	111.0,3,39,60	114.0,3,39,60	119.0,3,39,60	127.0,3,39,60	250.0,3,38,59	332.0,3,37,58	997.0,4,31,54	521.0,4,35,57	273.0,3,38,59	329.0,3,37,58	1008.0,5,30,54	1143.0,5,29,53	1087.0,5,30,53	1471.0,5,26,51	892.0,4,32,55	1044.0,5,30,54	898.0,4,32,55	905.0,4,31,54	718.0,4,33,56	440.0,3,36,58	410.0,3,36,58	336.0,3,37,58	363.0,3,37,58	219.0,3,38,59	169.0,3,39,59	123.0,3,39,60	81.0,3,40,60	135.0,3,39,60	110.0,3,39,60	238.0,3,38,59	157.0,3,39,59	169.0,3,39,59	187.0,3,39,59	167.0,3,39,59	178.0,3,39,59	162.0,3,39,59	234.0,3,38,59	217.0,3,38,59	89.0,3,40,60	207.0,3,38,59	176.0,3,39,59	252.0,3,38,59	219.0,3,38,59	199.0,3,39,59	137.0,3,39,60	161.0,3,39,59
125.0,3,39,60	121.0,3,39,60	127.0,3,39,60	112.0,3,39,60	114.0,3,39,60	108.0,3,39,60	108.0,3,39,60	107.0,3,39,60	177.0,3,39,59	119.0,3,39,60	110.0,3,39,60	236.0,3,38,59	338.0,3,37,58	226.0,3,38,59	238.0,3,38,59	244.0,3,38,59	142.0,3,39,60	450.0,3,36,57	519.0,4,35,57	381.0,3,37,58	244.0,3,38,59	225.0,3,38,59	151.0,3,39,59	97.0,3,40,60	93.0,3,40,60	93.0,3,40,60	89.0,3,40,60	96.0,3,40,60	114.0,3,39,60	122.0,3,39,60	133.0,3,39,60	145.0,3,39,60	137.0,3,39,60	109.0,3,39,60	113.0,3,39,60	115.0,3,39,60	137.0,3,39,60	128.0,3,39,60	144.0,3,39,60	225.0,3,38,59	942.0,4,31,54	934.0,4,31,54	353.0,3,37,58	470.0,3,36,57	756.0,4,33,55	633.0,4,34,56	766.0,4,33,55	1188.0,5,29,53	987.0,4,31,54	1157.0,5,29,53	872.0,4,32,55	687.0,4,34,56	775.0,4,33,55	510.0,4,35,57	373.0,3,37,58	399.0,3,37,58	288.0,3,38,59	306.0,3,37,58	158.0,3,39,59	211.0,3,38,59	83.0,3,40,60	103.0,3,39,60	82.0,3,40,60	150.0,3,39,59	178.0,3,39,59	165.0,3,39,59	200.0,3,38,59	123.0,3,39,60	90.0,3,40,60	121.0,3,39,60	252.0,3,38,59	254.0,3,38,59	220.0,3,38,59	148.0,3,39,60	229.0,3,38,59	216.0,3,38,59	205.0,3,38,59	181.0,3,39,59	150.0,3,39,59	148.0,3,39,60
118.0,3,39,60	115.0,3,39,60	113.0,3,39,60	121.0,3,39,60	112.0,3,39,60	110.0,3,39,60	105.0,3,39,60	105.0,3,39,60	119.0,3,39,60	106.0,3,39,60	119.0,3,39,60	133.0,3,39,60	99.0,3,40,60	154.0,3,39,59	222.0,3,38,59	214.0,3,38,59	159.0,3,39,59	197.0,3,39,59	335.0,3,37,58	170.0,3,39,59	135.0,3,39,60	123.0,3,39,60	102.0,3,39,60	91.0,3,40,60	90.0,3,40,60	88.0,3,40,60	87.0,3,40,60	96.0,3,40,60	121.0,3,39,60	120.0,3,39,60	141.0,3,39,60	157.0,3,39,59	131.0,3,39,60	110.0,3,39,60	112.0,3,39,60	118.0,3,39,60	123.0,3,39,60	132.0,3,39,60	137.0,3,39,60	445.0,3,36,58	748.0,4,33,56	822.0,4,32,55	348.0,3,37,58	314.0,3,37,58	397.0,3,37,58	1069.0,5,30,53	1414.0,5,26,51	994.0,4,31,54	1563.0,5,25,50	1084.0,5,30,53	1090.0,5,30,53	853.0,4,32,55	976.0,4,31,54	857.0,4,32,55	423.0,3,36,58	399.0,3,37,58	518.0,4,35,57	268.0,3,38,59	175.0,3,39,59	136.0,3,39,60	109.0,3,39,60	220.0,3,38,59	63.0,3,40,60	151.0,3,39,59	137.0,3,39,60	154.0,3,39,59	98.0,3,40,60	109.0,3,39,60	149.0,3,39,60	139.0,3,39,60	257.0,3,38,59	273.0,3,38,59	232.0,3,38,59	109.0,3,39,60	133.0,3,39,60	163.0,3,39,59	223.0,3,38,59	200.0,3,38,59	100.0,3,39,60	174.0,3,39,59
110.0,3,39,60	113.0,3,39,60	110.0,3,39,60	115.0,3,39,60	113.0,3,39,60	121.0,3,39,60	121.0,3,39,60	115.0,3,39,60	115.0,3,39,60	278.0,3,38,59	121.0,3,39,60	514.0,4,35,57	443.0,3,36,58	111.0,3,39,60	194.0,3,39,59	199.0,3,39,59	138.0,3,39,60	179.0,3,39,59	119.0,3,39,60	103.0,3,39,60	118.0,3,39,60	103.0,3,39,60	96.0,3,40,60	89.0,3,40,60	90.0,3,40,60	87.0,3,40,60	86.0,3,40,60	96.0,3,40,60	128.0,3,39,60	139.0,3,39,60	148.0,3,39,60	153.0,3,39,59	139.0,3,39,60	119.0,3,39,60	113.0,3,39,60	116.0,3,39,60	120.0,3,39,60	128.0,3,39,60	136.0,3,39,60	365.0,3,37,58	529.0,4,35,57	1019.0,5,30,54	585.0,4,35,57	540.0,4,35,57	453.0,3,36,57	496.0,3,36,57	623.0,4,34,56	1393.0,5,27,51	1598.0,5,25,50	1301.0,5,27,52	1185.0,5,29,53	949.0,4,31,54	700.0,4,33,56	973.0,4,31,54	405.0,3,36,58	382.0,3,37,58	375.0,3,37,58	321.0,3,37,58	320.0,3,37,58	136.0,3,39,60	153.0,3,39,59	67.0,3,40,60	174.0,3,39,59	111.0,3,39,60	146.0,3,39,60	147.0,3,39,60	132.0,3,39,60	231.0,3,38,59	156.0,3,39,59	185.0,3,39,59	171.0,3,39,59	244.0,3,38,59	284.0,3,38,59	163.0,3,39,59	131.0,3,39,60	121.0,3,39,60	189.0,3,39,59	227.0,3,38,59	91.0,3,40,60	140.0,3,39,60
114.0,3,39,60	113.0,3,39,60	112.0,3,39,60	111.0,3,39,60	116.0,3,39,60	124.0,3,39,60	153.0,3,39,59	155.0,3,39,59	123.0,3,39,60	401.0,3,36,58	165.0,3,39,59	236.0,3,38,59	170.0,3,39,59	124.0,3,39,60	200.0,3,38,59	124.0,3,39,60	121.0,3,39,60	118.0,3,39,60	100.0,3,39,60	98.0,3,40,60	106.0,3,39,60	95.0,3,40,60	90.0,3,40,60	87.0,3,40,60	86.0,3,40,60	85.0,3,40,60	85.0,3,40,60	99.0,3,40,60	157.0,3,39,59	143.0,3,39,60	150.0,3,39,59	157.0,3,39,59	138.0,3,39,60	150.0,3,39,59	117.0,3,39,60	127.0,3,39,60	169.0,3,39,59	180.0,3,39,59	241.0,3,38,59	150.0,3,39,59	229.0,3,38,59	720.0,4,33,56	1055.0,5,30,53	1064.0,5,30,53	493.0,3,36,57	614.0,4,34,56	589.0,4,35,57	888.0,4,32,55	1427.0,5,26,51	1142.0,5,29,53	1253.0,5,28,52	1439.0,5,26,51	722.0,4,33,56	1171.0,5,29,53	445.0,3,36,58	384.0,3,37,58	318.0,3,37,58	339.0,3,37,58	250.0,3,38,59	161.0,3,39,59	122.0,3,39,60	126.0,3,39,60	165.0,3,39,59	53.0,3,40,60	203.0,3,38,59	144.0,3,39,60	173.0,3,39,59	93.0,3,40,60	89.0,3,40,60	129.0,3,39,60	104.0,3,39,60	167.0,3,39,59	269.0,3,38,59	165.0,3,39,59	183.0,3,39,59	154.0,3,39,59	116.0,3,39,60	211.0,3,38,59	209.0,3,38,59	192.0,3,39,59
120.0,3,39,60	118.0,3,39,60	113.0,3,39,60	121.0,3,39,60	253.0,3,38,59	136.0,3,39,60	141.0,3,39,60	143.0,3,39,60	188.0,3,39,59	257.0,3,38,59	233.0,3,38,59	255.0,3,38,59	206.0,3,38,59	114.0,3,39,60	318.0,3,37,58	224.0,3,38,59	114.0,3,39,60	111.0,3,39,60	92.0,3,40,60	97.0,3,40,60	90.0,3,40,60	87.0,3,40,60	84.0,3,40,60	89.0,3,40,60	87.0,3,40,60	86.0,3,40,60	86.0,3,40,60	117.0,3,39,60	123.0,3,39,60	130.0,3,39,60	145.0,3,39,60	132.0,3,39,60	127.0,3,39,60	117.0,3,39,60	118.0,3,39,60	129.0,3,39,60	156.0,3,39,59	449.0,3,36,58	277.0,3,38,59	159.0,3,39,59	169.0,3,39,59	418.0,3,36,58	590.0,4,35,57	785.0,4,33,55	718.0,4,33,56	796.0,4,33,55	1410.0,5,26,51	1758.0,5,23,49	1688.0,5,24,49	1241.0,5,28,52	1124.0,5,29,53	1025.0,5,30,54	911.0,4,31,54	581.0,4,35,57	637.0,4,34,56	471.0,3,36,57	305.0,3,37,58	301.0,3,37,58	237.0,3,38,59	251.0,3,38,59	157.0,3,39,59	167.0,3,39,59	70.0,3,40,60	152.0,3,39,59	137.0,3,39,60	93.0,3,40,60	106.0,3,39,60	139.0,3,39,60	151.0,3,39,59	50.0,3,40,60	49.0,3,40,60	223.0,3,38,59	217.0,3,38,59	68.0,3,40,60	127.0,3,39,60	192.0,3,39,59	211.0,3,38,59	218.0,3,38,59	184.0,3,39,59	140.0,3,39,60
128.0,3,39,60	123.0,3,39,60	118.0,3,39,60	125.0,3,39,60	218.0,3,38,59	210.0,3,38,59	182.0,3,39,59	191.0,3,39,59	166.0,3,39,59	341.0,3,37,58	180.0,3,39,59	187.0,3,39,59	323.0,3,37,58	116.0,3,39,60	173.0,3,39,59	189.0,3,39,59	117.0,3,39,60	105.0,3,39,60	89.0,3,40,60	87.0,3,40,60	85.0,3,40,60	83.0,3,40,60	84.0,3,40,60	83.0,3,40,60	85.0,3,40,60	85.0,3,40,60	85.0,3,40,60	113.0,3,39,60	111.0,3,39,60	122.0,3,39,60	129.0,3,39,60	123.0,3,39,60	120.0,3,39,60	115.0,3,39,60	129.0,3,39,60	158.0,3,39,59	233.0,3,38,59	272.0,3,38,59	163.0,3,39,59	228.0,3,38,59	265.0,3,38,59	285.0,3,38,59	348.0,3,37,58	596.0,4,35,57	1445.0,5,26,51	820.0,4,32,55	989.0,4,31,54	986.0,4,31,54	1607.0,5,24,50	1678.0,5,24,49	959.0,4,31,54	1153.0,5,29,53	855.0,4,32,55	822.0,4,32,55	695.0,4,34,56	433.0,3,36,58	380.0,3,37,58	462.0,3,36,57	233.0,3,38,59	506.0,4,35,57	230.0,3,38,59	92.0,3,40,60	134.0,3,39,60	141.0,3,39,60	44.0,3,40,60	162.0,3,39,59	154.0,3,39,59	154.0,3,39,59	82.0,3,40,60	48.0,3,40,60	102.0,3,39,60	176.0,3,39,59	201.0,3,38,59	185.0,3,39,59	115.0,3,39,60	118.0,3,39,60	221.0,3,38,59	175.0,3,39,59	148.0,3,39,60	75.0,3,40,60
138.0,3,39,60	134.0,3,39,60	120.0,3,39,60	129.0,3,39,60	147.0,3,39,60	186.0,3,39,59	254.0,3,38,59	249.0,3,38,59	257.0,3,38,59	200.0,3,38,59	195.0,3,39,59	181.0,3,39,59	161.0,3,39,59	110.0,3,39,60	136.0,3,39,60	159.0,3,39,59	128.0,3,39,60	100.0,3,39,60	87.0,3,40,60	85.0,3,40,60	84.0,3,40,60	86.0,3,40,60	84.0,3,40,60	97.0,3,40,60	85.0,3,40,60	84.0,3,40,60	85.0,3,40,60	93.0,3,40,60	100.0,3,39,60	125.0,3,39,60	120.0,3,39,60	106.0,3,39,60	149.0,3,39,60	192.0,3,39,59	231.0,3,38,59	166.0,3,39,59	248.0,3,38,59	210.0,3,38,59	235.0,3,38,59	364.0,3,37,58	379.0,3,37,58	433.0,3,36,58	472.0,3,36,57	528.0,4,35,57	738.0,4,33,56	393.0,3,37,58	1323.0,5,27,52	1162.0,5,29,53	610.0,4,34,56	1360.0,5,27,51	1464.0,5,26,51	1077.0,5,30,53	1129.0,5,29,53	990.0,4,31,54	711.0,4,33,56	496.0,3,36,57	366.0,3,37,58	300.0,3,37,58	237.0,3,38,59	359.0,3,37,58	190.0,3,39,59	170.0,3,39,59	126.0,3,39,60	110.0,3,39,60	43.0,3,40,60	96.0,3,40,60	156.0,3,39,59	141.0,3,39,60	121.0,3,39,60	194.0,3,39,59	174.0,3,39,59	34.0,3,40,60	194.0,3,39,59	223.0,3,38,59	139.0,3,39,60	175.0,3,39,59	184.0,3,39,59	160.0,3,39,59	98.0,3,40,60	140.0,3,39,60
144.0,3,39,60	152.0,3,39,59	119.0,3,39,60	143.0,3,39,60	221.0,3,38,59	262.0,3,38,59	296.0,3,38,59	206.0,3,38,59	294.0,3,38,59	130.0,3,39,60	182.0,3,39,59	126.0,3,39,60	99.0,3,40,60	106.0,3,39,60	115.0,3,39,60	169.0,3,39,59	140.0,3,39,60	115.0,3,39,60	90.0,3,40,60	82.0,3,40,60	83.0,3,40,60	83.0,3,40,60	87.0,3,40,60	85.0,3,40,60	83.0,3,40,60	83.0,3,40,60	88.0,3,40,60	89.0,3,40,60	93.0,3,40,60	99.0,3,40,60	123.0,3,39,60	104.0,3,39,60	170.0,3,39,59	176.0,3,39,59	214.0,3,38,59	227.0,3,38,59	174.0,3,39,59	242.0,3,38,59	195.0,3,39,59	430.0,3,36,58	353.0,3,37,58	423.0,3,36,58	733.0,4,33,56	579.0,4,35,57	697.0,4,34,56	472.0,3,36,57	936.0,4,31,54	597.0,4,35,57	643.0,4,34,56	1087.0,5,30,53	851.0,4,32,55	1260.0,5,28,52	985.0,4,31,54	897.0,4,32,55	1036.0,5,30,54	735.0,4,33,56	398.0,3,37,58	320.0,3,37,58	365.0,3,37,58	260.0,3,38,59	237.0,3,38,59	141.0,3,39,60	115.0,3,39,60	40.0,3,40,60	39.0,3,40,60	47.0,3,40,60	84.0,3,40,60	169.0,3,39,59	174.0,3,39,59	220.0,3,38,59	192.0,3,39,59	138.0,3,39,60	87.0,3,40,60	173.0,3,39,59	49.0,3,40,60	157.0,3,39,59	202.0,3,38,59	106.0,3,39,60	127.0,3,39,60	132.0,3,39,60
146.0,3,39,60	123.0,3,39,60	133.0,3,39,60	157.0,3,39,59	393.0,3,37,58	443.0,3,36,58	315.0,3,37,58	318.0,3,37,58	137.0,3,39,60	134.0,3,39,60	146.0,3,39,60	102.0,3,39,60	98.0,3,40,60	94.0,3,40,60	113.0,3,39,60	133.0,3,39,60	200.0,3,38,59	99.0,3,40,60	87.0,3,40,60	82.0,3,40,60	81.0,3,40,60	83.0,3,40,60	84.0,3,40,60	81.0,3,40,60	83.0,3,40,60	83.0,3,40,60	86.0,3,40,60	88.0,3,40,60	93.0,3,40,60	96.0,3,40,60	97.0,3,40,60	142.0,3,39,60	134.0,3,39,60	163.0,3,39,59	250.0,3,38,59	207.0,3,38,59	196.0,3,39,59	216.0,3,38,59	187.0,3,39,59	195.0,3,39,59	205.0,3,38,59	423.0,3,36,58	489.0,3,36,57	531.0,4,35,57	552.0,4,35,57	367.0,3,37,58	537.0,4,35,57	1261.0,5,28,52	1028.0,5,30,54	1002.0,5,30,54	996.0,4,31,54	1249.0,5,28,52	1527.0,5,25,50	1210.0,5,28,52	998.0,4,31,54	770.0,4,33,55	807.0,4,32,55	331.0,3,37,58	311.0,3,37,58	211.0,3,38,59	337.0,3,37,58	129.0,3,39,60	145.0,3,39,60	80.0,3,40,60	132.0,3,39,60	41.0,3,40,60	53.0,3,40,60	271.0,3,38,59	127.0,3,39,60	310.0,3,37,58	117.0,3,39,60	234.0,3,38,59	167.0,3,39,59	20.0,3,40,60	114.0,3,39,60	148.0,3,39,60	140.0,3,39,60	185.0,3,39,59	118.0,3,39,60	57.0,3,40,60
173.0,3,39,59	131.0,3,39,60	138.0,3,39,60	215.0,3,38,59	389.0,3,37,58	452.0,3,36,57	378.0,3,37,58	198.0,3,39,59	111.0,3,39,60	139.0,3,39,60	104.0,3,39,60	120.0,3,39,60	96.0,3,40,60	92.0,3,40,60	98.0,3,40,60	126.0,3,39,60	123.0,3,39,60	93.0,3,40,60	88.0,3,40,60	81.0,3,40,60	81.0,3,40,60	79.0,3,40,60	81.0,3,40,60	83.0,3,40,60	82.0,3,40,60	84.0,3,40,60	87.0,3,40,60	88.0,3,40,60	92.0,3,40,60	95.0,3,40,60	102.0,3,39,60	121.0,3,39,60	153.0,3,39,59	205.0,3,38,59	184.0,3,39,59	269.0,3,38,59	275.0,3,38,59	271.0,3,38,59	251.0,3,38,59	394.0,3,37,58	384.0,3,37,58	226.0,3,38,59	434.0,3,36,58	332.0,3,37,58	266.0,3,38,59	353.0,3,37,58	532.0,4,35,57	500.0,4,35,57	751.0,4,33,55	1134.0,5,29,53	1536.0,5,25,50	992.0,4,31,54	1334.0,5,27,52	844.0,4,32,55	998.0,4,31,54	843.0,4,32,55	548.0,4,35,57	386.0,3,37,58	281.0,3,38,59	259.0,3,38,59	285.0,3,38,59	99.0,3,40,60	76.0,3,40,60	119.0,3,39,60	143.0,3,39,60	134.0,3,39,60	157.0,3,39,59	141.0,3,39,60	159.0,3,39,59	214.0,3,38,59	205.0,3,38,59	71.0,3,40,60	203.0,3,38,59	68.0,3,40,60	18.0,3,40,60	125.0,3,39,60	193.0,3,39,59	173.0,3,39,59	91.0,3,40,60	96.0,3,40,60
222.0,3,38,59	143.0,3,39,60	158.0,3,39,59	234.0,3,38,59	322.0,3,37,58	324.0,3,37,58	193.0,3,39,59	111.0,3,39,60	174.0,3,39,59	128.0,3,39,60	137.0,3,39,60	106.0,3,39,60	94.0,3,40,60	93.0,3,40,60	96.0,3,40,60	131.0,3,39,60	138.0,3,39,60	102.0,3,39,60	88.0,3,40,60	83.0,3,40,60	83.0,3,40,60	82.0,3,40,60	78.0,3,40,60	82.0,3,40,60	81.0,3,40,60	84.0,3,40,60	83.0,3,40,60	88.0,3,40,60	94.0,3,40,60	99.0,3,40,60	142.0,3,39,60	212.0,3,38,59	154.0,3,39,59	568.0,4,35,57	289.0,3,38,59	321.0,3,37,58	316.0,3,37,58	601.0,4,34,56	381.0,3,37,58	321.0,3,37,58	422.0,3,36,58	393.0,3,37,58	231.0,3,38,59	485.0,3,36,57	382.0,3,37,58	428.0,3,36,58	544.0,4,35,57	936.0,4,31,54	1064.0,5,30,53	1830.0,5,22,48	1495.0,5,26,51	1240.0,5,28,52	1057.0,5,30,53	1286.0,5,28,52	624.0,4,34,56	1032.0,5,30,54	685.0,4,34,56	373.0,3,37,58	298.0,3,38,59	384.0,3,37,58	264.0,3,38,59	157.0,3,39,59	92.0,3,40,60	141.0,3,39,60	149.0,3,39,60	33.0,3,40,60	77.0,3,40,60	226.0,3,38,59	269.0,3,38,59	98.0,3,40,60	191.0,3,39,59	139.0,3,39,60	88.0,3,40,60	86.0,3,40,60	12.0,3,40,60	88.0,3,40,60	179.0,3,39,59	170.0,3,39,59	86.0,3,40,60	143.0,3,39,60
184.0,3,39,59	146.0,3,39,60	148.0,3,39,60	218.0,3,38,59	488.0,3,36,57	320.0,3,37,58	268.0,3,38,59	178.0,3,39,59	163.0,3,39,59	108.0,3,39,60	116.0,3,39,60	135.0,3,39,60	93.0,3,40,60	93.0,3,40,60	95.0,3,40,60	129.0,3,39,60	138.0,3,39,60	108.0,3,39,60	91.0,3,40,60	82.0,3,40,60	82.0,3,40,60	82.0,3,40,60	81.0,3,40,60	83.0,3,40,60	81.0,3,40,60	84.0,3,40,60	85.0,3,40,60	88.0,3,40,60	90.0,3,40,60	100.0,3,39,60	141.0,3,39,60	151.0,3,39,59	190.0,3,39,59	302.0,3,37,58	658.0,4,34,56	397.0,3,37,58	396.0,3,37,58	347.0,3,37,58	311.0,3,37,58	366.0,3,37,58	426.0,3,36,58	436.0,3,36,58	244.0,3,38,59	496.0,3,36,57	402.0,3,36,58	348.0,3,37,58	405.0,3,36,58	792.0,4,33,55	1058.0,5,30,53	1077.0,5,30,53	1684.0,5,24,49	1350.0,5,27,51	1480.0,5,26,51	1425.0,5,26,51	957.0,4,31,54	693.0,4,34,56	671.0,4,34,56	514.0,4,35,57	401.0,3,36,58	226.0,3,38,59	192.0,3,39,59	229.0,3,38,59	232.0,3,38,59	270.0,3,38,59	134.0,3,39,60	272.0,3,38,59	28.0,3,40,60	87.0,3,40,60	176.0,3,39,59	299.0,3,38,59	285.0,3,38,59	124.0,3,39,60	117.0,3,39,60	137.0,3,39,60	89.0,3,40,60	26.0,3,40,60	59.0,3,40,60	186.0,3,39,59	85.0,3,40,60	113.0,3,39,60
157.0,3,39,59	143.0,3,39,60	200.0,3,38,59	245.0,3,38,59	265.0,3,38,59	350.0,3,37,58	207.0,3,38,59	100.0,3,39,60	133.0,3,39,60	97.0,3,40,60	132.0,3,39,60	136.0,3,39,60	95.0,3,40,60	93.0,3,40,60	94.0,3,40,60	118.0,3,39,60	130.0,3,39,60	114.0,3,39,60	95.0,3,40,60	84.0,3,40,60	82.0,3,40,60	82.0,3,40,60	85.0,3,40,60	80.0,3,40,60	79.0,3,40,60	83.0,3,40,60	83.0,3,40,60	87.0,3,40,60	93.0,3,40,60	114.0,3,39,60	160.0,3,39,59	216.0,3,38,59	294.0,3,38,59	499.0,3,36,57	309.0,3,37,58	786.0,4,33,55	669.0,4,34,56	406.0,3,36,58	276.0,3,38,59	371.0,3,37,58	422.0,3,36,58	448.0,3,36,58	340.0,3,37,58	447.0,3,36,58	344.0,3,37,58	313.0,3,37,58	417.0,3,36,58	739.0,4,33,56	938.0,4,31,54	918.0,4,31,54	795.0,4,33,55	868.0,4,32,55	1245.0,5,28,52	966.0,4,31,54	1109.0,5,29,53	647.0,4,34,56	805.0,4,32,55	478.0,3,36,57	400.0,3,36,58	402.0,3,36,58	226.0,3,38,59	270.0,3,38,59	253.0,3,38,59	416.0,3,36,58	251.0,3,38,59	329.0,3,37,58	187.0,3,39,59	25.0,3,40,60	181.0,3,39,59	153.0,3,39,59	189.0,3,39,59	101.0,3,39,60	75.0,3,40,60	123.0,3,39,60	132.0,3,39,60	9.0,3,40,60	58.0,3,40,60	180.0,3,39,59	131.0,3,39,60	95.0,3,40,60
-data:
