radius:18.0
size:80^60
path:thirteen_colonies_80x60.txt
+data:
175.0,3,39,59	198.0,3,39,59	230.0,3,38,59	240.0,3,38,59	267.0,3,38,59	303.0,3,37,58	304.0,3,37,58	363.0,3,37,58	343.0,3,37,58	358.0,3,37,58	438.0,3,36,58	406.0,3,36,58	358.0,3,37,58	357.0,3,37,58	349.0,3,37,58	373.0,3,37,58	361.0,3,37,58	306.0,3,37,58	336.0,3,37,58	292.0,3,38,59	250.0,3,38,59	189.0,3,39,59	156.0,3,39,59	137.0,3,39,60	125.0,3,39,60	89.0,3,40,60	106.0,3,39,60	69.0,3,40,60	78.0,3,40,60	87.0,3,40,60	69.0,3,40,60	61.0,3,40,60	45.0,3,40,60	54.0,3,40,60	77.0,3,40,60	136.0,3,39,60	310.0,3,37,58	165.0,3,39,59	82.0,3,40,60	42.0,3,40,60	40.0,3,40,60	86.0,3,40,60	202.0,3,38,59	245.0,3,38,59	399.0,3,37,58	215.0,3,38,59	205.0,3,38,59	341.0,3,37,58	484.0,3,36,57	523.0,4,35,57	331.0,3,37,58	496.0,3,36,57	689.0,4,34,56	505.0,4,35,57	441.0,3,36,58	507.0,4,35,57	575.0,4,35,57	1112.0,5,29,53	203.0,3,38,59	400.0,3,36,58
175.0,3,39,59	199.0,3,39,59	209.0,3,38,59	235.0,3,38,59	251.0,3,38,59	277.0,3,38,59	297.0,3,38,59	324.0,3,37,58	350.0,3,37,58	316.0,3,37,58	364.0,3,37,58	376.0,3,37,58	374.0,3,37,58	329.0,3,37,58	313.0,3,37,58	381.0,3,37,58	335.0,3,37,58	313.0,3,37,58	280.0,3,38,59	283.0,3,38,59	216.0,3,38,59	171.0,3,39,59	132.0,3,39,60	130.0,3,39,60	101.0,3,39,60	110.0,3,39,60	107.0,3,39,60	77.0,3,40,60	79.0,3,40,60	77.0,3,40,60	72.0,3,40,60	79.0,3,40,60	80.0,3,40,60	118.0,3,39,60	229.0,3,38,59	380.0,3,37,58	366.0,3,37,58	260.0,3,38,59	147.0,3,39,60	43.0,3,40,60	28.0,3,40,60	96.0,3,40,60	207.0,3,38,59	343.0,3,37,58	424.0,3,36,58	259.0,3,38,59	222.0,3,38,59	468.0,3,36,57	718.0,4,33,56	485.0,3,36,57	480.0,3,36,57	459.0,3,36,57	732.0,4,33,56	475.0,3,36,57	444.0,3,36,58	614.0,4,34,56	469.0,3,36,57	315.0,3,37,58	369.0,3,37,58	158.0,3,39,59
271.0,3,38,59	175.0,3,39,59	198.0,3,39,59	231.0,3,38,59	226.0,3,38,59	236.0,3,38,59	267.0,3,38,59	290.0,3,38,59	300.0,3,37,58	322.0,3,37,58	315.0,3,37,58	345.0,3,37,58	326.0,3,37,58	327.0,3,37,58	324.0,3,37,58	289.0,3,38,59	303.0,3,37,58	275.0,3,38,59	267.0,3,38,59	216.0,3,38,59	221.0,3,38,59	208.0,3,38,59	153.0,3,39,59	127.0,3,39,60	111.0,3,39,60	121.0,3,39,60	96.0,3,40,60	72.0,3,40,60	88.0,3,40,60	101.0,3,39,60	104.0,3,39,60	107.0,3,39,60	154.0,3,39,59	336.0,3,37,58	286.0,3,38,59	547.0,4,35,57	495.0,3,36,57	475.0,3,36,57	172.0,3,39,59	28.0,3,40,60	28.0,3,40,60	276.0,3,38,59	177.0,3,39,59	676.0,4,34,56	746.0,4,33,56	408.0,3,36,58	309.0,3,37,58	546.0,4,35,57	549.0,4,35,57	379.0,3,37,58	577.0,4,35,57	640.0,4,34,56	623.0,4,34,56	426.0,3,36,58	625.0,4,34,56	486.0,3,36,57	757.0,4,33,55	362.0,3,37,58	351.0,3,37,58	152.0,3,39,59
175.0,3,39,59	252.0,3,38,59	281.0,3,38,59	210.0,3,38,59	224.0,3,38,59	244.0,3,38,59	266.0,3,38,59	274.0,3,38,59	299.0,3,38,59	319.0,3,37,58	305.0,3,37,58	289.0,3,38,59	319.0,3,37,58	269.0,3,38,59	280.0,3,38,59	263.0,3,38,59	237.0,3,38,59	238.0,3,38,59	215.0,3,38,59	194.0,3,39,59	162.0,3,39,59	177.0,3,39,59	131.0,3,39,60	137.0,3,39,60	117.0,3,39,60	126.0,3,39,60	96.0,3,40,60	98.0,3,40,60	124.0,3,39,60	133.0,3,39,60	149.0,3,39,60	283.0,3,38,59	387.0,3,37,58	430.0,3,36,58	494.0,3,36,57	511.0,4,35,57	586.0,4,35,57	226.0,3,38,59	120.0,3,39,60	28.0,3,40,60	28.0,3,40,60	249.0,3,38,59	135.0,3,39,60	344.0,3,37,58	484.0,3,36,57	331.0,3,37,58	459.0,3,36,57	434.0,3,36,58	485.0,3,36,57	454.0,3,36,57	418.0,3,36,58	528.0,4,35,57	406.0,3,36,58	535.0,4,35,57	491.0,3,36,57	245.0,3,38,59	509.0,4,35,57	316.0,3,37,58	115.0,3,39,60	94.0,3,40,60
187.0,3,39,59	225.0,3,38,59	398.0,3,37,58	277.0,3,38,59	216.0,3,38,59	234.0,3,38,59	275.0,3,38,59	262.0,3,38,59	278.0,3,38,59	273.0,3,38,59	288.0,3,38,59	232.0,3,38,59	275.0,3,38,59	214.0,3,38,59	223.0,3,38,59	228.0,3,38,59	186.0,3,39,59	175.0,3,39,59	173.0,3,39,59	161.0,3,39,59	175.0,3,39,59	140.0,3,39,60	148.0,3,39,60	96.0,3,40,60	93.0,3,40,60	94.0,3,40,60	117.0,3,39,60	115.0,3,39,60	121.0,3,39,60	219.0,3,38,59	299.0,3,38,59	371.0,3,37,58	529.0,4,35,57	510.0,4,35,57	498.0,3,36,57	524.0,4,35,57	500.0,4,35,57	335.0,3,37,58	125.0,3,39,60	28.0,3,40,60	42.0,3,40,60	207.0,3,38,59	323.0,3,37,58	563.0,4,35,57	542.0,4,35,57	241.0,3,38,59	530.0,4,35,57	303.0,3,37,58	447.0,3,36,58	527.0,4,35,57	312.0,3,37,58	798.0,4,33,55	391.0,3,37,58	588.0,4,35,57	301.0,3,37,58	213.0,3,38,59	221.0,3,38,59	341.0,3,37,58	229.0,3,38,59	198.0,3,39,59
212.0,3,38,59	200.0,3,38,59	227.0,3,38,59	216.0,3,38,59	216.0,3,38,59	231.0,3,38,59	292.0,3,38,59	267.0,3,38,59	279.0,3,38,59	261.0,3,38,59	271.0,3,38,59	214.0,3,38,59	224.0,3,38,59	198.0,3,39,59	184.0,3,39,59	182.0,3,39,59	148.0,3,39,60	173.0,3,39,59	163.0,3,39,59	146.0,3,39,60	180.0,3,39,59	122.0,3,39,60	124.0,3,39,60	84.0,3,40,60	88.0,3,40,60	96.0,3,40,60	93.0,3,40,60	94.0,3,40,60	180.0,3,39,59	280.0,3,38,59	413.0,3,36,58	436.0,3,36,58	458.0,3,36,57	485.0,3,36,57	505.0,4,35,57	516.0,4,35,57	533.0,4,35,57	334.0,3,37,58	494.0,3,36,57	28.0,3,40,60	30.0,3,40,60	243.0,3,38,59	762.0,4,33,55	281.0,3,38,59	335.0,3,37,58	462.0,3,36,57	596.0,4,35,57	186.0,3,39,59	416.0,3,36,58	284.0,3,38,59	309.0,3,37,58	674.0,4,34,56	289.0,3,38,59	338.0,3,37,58	256.0,3,38,59	378.0,3,37,58	345.0,3,37,58	132.0,3,39,60	100.0,3,39,60	129.0,3,39,60
231.0,3,38,59	212.0,3,38,59	273.0,3,38,59	216.0,3,38,59	245.0,3,38,59	262.0,3,38,59	311.0,3,37,58	261.0,3,38,59	259.0,3,38,59	249.0,3,38,59	211.0,3,38,59	228.0,3,38,59	212.0,3,38,59	158.0,3,39,59	139.0,3,39,60	181.0,3,39,59	139.0,3,39,60	160.0,3,39,59	129.0,3,39,60	155.0,3,39,59	141.0,3,39,60	89.0,3,40,60	94.0,3,40,60	73.0,3,40,60	93.0,3,40,60	85.0,3,40,60	140.0,3,39,60	155.0,3,39,59	210.0,3,38,59	290.0,3,38,59	499.0,3,36,57	464.0,3,36,57	462.0,3,36,57	505.0,4,35,57	547.0,4,35,57	570.0,4,35,57	608.0,4,34,56	508.0,4,35,57	267.0,3,38,59	82.0,3,40,60	87.0,3,40,60	425.0,3,36,58	992.0,4,31,54	171.0,3,39,59	434.0,3,36,58	323.0,3,37,58	477.0,3,36,57	173.0,3,39,59	247.0,3,38,59	321.0,3,37,58	492.0,3,36,57	738.0,4,33,56	965.0,4,31,54	514.0,4,35,57	446.0,3,36,58	266.0,3,38,59	250.0,3,38,59	188.0,3,39,59	116.0,3,39,60	129.0,3,39,60
309.0,3,37,58	217.0,3,38,59	225.0,3,38,59	216.0,3,38,59	237.0,3,38,59	279.0,3,38,59	261.0,3,38,59	246.0,3,38,59	298.0,3,38,59	206.0,3,38,59	198.0,3,39,59	184.0,3,39,59	197.0,3,39,59	123.0,3,39,60	142.0,3,39,60	113.0,3,39,60	98.0,3,40,60	85.0,3,40,60	77.0,3,40,60	103.0,3,39,60	73.0,3,40,60	73.0,3,40,60	73.0,3,40,60	81.0,3,40,60	120.0,3,39,60	137.0,3,39,60	156.0,3,39,59	237.0,3,38,59	257.0,3,38,59	414.0,3,36,58	558.0,4,35,57	536.0,4,35,57	655.0,4,34,56	493.0,3,36,57	577.0,4,35,57	813.0,4,32,55	701.0,4,33,56	824.0,4,32,55	384.0,3,37,58	64.0,3,40,60	54.0,3,40,60	193.0,3,39,59	504.0,4,35,57	464.0,3,36,57	336.0,3,37,58	577.0,4,35,57	278.0,3,38,59	318.0,3,37,58	369.0,3,37,58	451.0,3,36,57	835.0,4,32,55	814.0,4,32,55	517.0,4,35,57	179.0,3,39,59	258.0,3,38,59	187.0,3,39,59	158.0,3,39,59	158.0,3,39,59	163.0,3,39,59	59.0,3,40,60
327.0,3,37,58	220.0,3,38,59	251.0,3,38,59	254.0,3,38,59	296.0,3,38,59	319.0,3,37,58	266.0,3,38,59	307.0,3,37,58	356.0,3,37,58	330.0,3,37,58	185.0,3,39,59	341.0,3,37,58	212.0,3,38,59	244.0,3,38,59	100.0,3,39,60	104.0,3,39,60	73.0,3,40,60	115.0,3,39,60	80.0,3,40,60	73.0,3,40,60	73.0,3,40,60	73.0,3,40,60	94.0,3,40,60	106.0,3,39,60	95.0,3,40,60	150.0,3,39,59	209.0,3,38,59	283.0,3,38,59	281.0,3,38,59	477.0,3,36,57	560.0,4,35,57	528.0,4,35,57	531.0,4,35,57	559.0,4,35,57	558.0,4,35,57	553.0,4,35,57	1103.0,5,29,53	591.0,4,35,57	500.0,4,35,57	41.0,3,40,60	53.0,3,40,60	566.0,4,35,57	608.0,4,34,56	523.0,4,35,57	415.0,3,36,58	496.0,3,36,57	397.0,3,37,58	124.0,3,39,60	476.0,3,36,57	478.0,3,36,57	681.0,4,34,56	301.0,3,37,58	395.0,3,37,58	162.0,3,39,59	167.0,3,39,59	101.0,3,39,60	99.0,3,40,60	80.0,3,40,60	111.0,3,39,60	112.0,3,39,60
431.0,3,36,58	325.0,3,37,58	264.0,3,38,59	309.0,3,37,58	265.0,3,38,59	258.0,3,38,59	210.0,3,38,59	213.0,3,38,59	159.0,3,39,59	166.0,3,39,59	135.0,3,39,60	106.0,3,39,60	73.0,3,40,60	73.0,3,40,60	73.0,3,40,60	85.0,3,40,60	85.0,3,40,60	121.0,3,39,60	73.0,3,40,60	73.0,3,40,60	73.0,3,40,60	73.0,3,40,60	85.0,3,40,60	73.0,3,40,60	119.0,3,39,60	329.0,3,37,58	226.0,3,38,59	308.0,3,37,58	423.0,3,36,58	599.0,4,35,57	554.0,4,35,57	530.0,4,35,57	557.0,4,35,57	591.0,4,35,57	497.0,3,36,57	625.0,4,34,56	614.0,4,34,56	298.0,3,38,59	367.0,3,37,58	47.0,3,40,60	118.0,3,39,60	307.0,3,37,58	780.0,4,33,55	407.0,3,36,58	345.0,3,37,58	597.0,4,35,57	389.0,3,37,58	286.0,3,38,59	669.0,4,34,56	383.0,3,37,58	555.0,4,35,57	508.0,4,35,57	280.0,3,38,59	205.0,3,38,59	131.0,3,39,60	144.0,3,39,60	132.0,3,39,60	123.0,3,39,60	50.0,3,40,60	44.0,3,40,60
429.0,3,36,58	301.0,3,37,58	211.0,3,38,59	240.0,3,38,59	179.0,3,39,59	170.0,3,39,59	85.0,3,40,60	73.0,3,40,60	73.0,3,40,60	73.0,3,40,60	73.0,3,40,60	73.0,3,40,60	73.0,3,40,60	73.0,3,40,60	73.0,3,40,60	73.0,3,40,60	73.0,3,40,60	77.0,3,40,60	73.0,3,40,60	73.0,3,40,60	73.0,3,40,60	73.0,3,40,60	94.0,3,40,60	131.0,3,39,60	250.0,3,38,59	461.0,3,36,57	376.0,3,37,58	241.0,3,38,59	394.0,3,37,58	538.0,4,35,57	653.0,4,34,56	650.0,4,34,56	550.0,4,35,57	738.0,4,33,56	536.0,4,35,57	608.0,4,34,56	586.0,4,35,57	258.0,3,38,59	403.0,3,36,58	40.0,3,40,60	88.0,3,40,60	386.0,3,37,58	522.0,4,35,57	463.0,3,36,57	269.0,3,38,59	362.0,3,37,58	355.0,3,37,58	509.0,4,35,57	618.0,4,34,56	288.0,3,38,59	496.0,3,36,57	277.0,3,38,59	158.0,3,39,59	414.0,3,36,58	324.0,3,37,58	169.0,3,39,59	90.0,3,40,60	84.0,3,40,60	33.0,3,40,60	0.0,3,40,60
397.0,3,37,58	265.0,3,38,59	180.0,3,39,59	176.0,3,39,59	151.0,3,39,59	73.0,3,40,60	73.0,3,40,60	73.0,3,40,60	73.0,3,40,60	73.0,3,40,60	73.0,3,40,60	73.0,3,40,60	73.0,3,40,60	73.0,3,40,60	73.0,3,40,60	73.0,3,40,60	73.0,3,40,60	73.0,3,40,60	73.0,3,40,60	73.0,3,40,60	73.0,3,40,60	73.0,3,40,60	73.0,3,40,60	136.0,3,39,60	353.0,3,37,58	515.0,4,35,57	589.0,4,35,57	223.0,3,38,59	394.0,3,37,58	546.0,4,35,57	655.0,4,34,56	543.0,4,35,57	660.0,4,34,56	881.0,4,32,55	498.0,3,36,57	468.0,3,36,57	350.0,3,37,58	341.0,3,37,58	484.0,3,36,57	84.0,3,40,60	151.0,3,39,59	109.0,3,39,60	750.0,4,33,55	418.0,3,36,58	314.0,3,37,58	455.0,3,36,57	300.0,3,37,58	399.0,3,37,58	459.0,3,36,57	230.0,3,38,59	170.0,3,39,59	244.0,3,38,59	283.0,3,38,59	177.0,3,39,59	140.0,3,39,60	89.0,3,40,60	72.0,3,40,60	102.0,3,39,60	0.0,3,40,60	0.0,3,40,60
324.0,3,37,58	215.0,3,38,59	185.0,3,39,59	104.0,3,39,60	73.0,3,40,60	73.0,3,40,60	73.0,3,40,60	73.0,3,40,60	73.0,3,40,60	73.0,3,40,60	73.0,3,40,60	73.0,3,40,60	73.0,3,40,60	73.0,3,40,60	73.0,3,40,60	73.0,3,40,60	73.0,3,40,60	73.0,3,40,60	73.0,3,40,60	73.0,3,40,60	73.0,3,40,60	73.0,3,40,60	73.0,3,40,60	137.0,3,39,60	388.0,3,37,58	522.0,4,35,57	584.0,4,35,57	502.0,4,35,57	382.0,3,37,58	486.0,3,36,57	590.0,4,35,57	655.0,4,34,56	880.0,4,32,55	501.0,4,35,57	798.0,4,33,55	676.0,4,34,56	287.0,3,38,59	303.0,3,37,58	295.0,3,38,59	89.0,3,40,60	125.0,3,39,60	262.0,3,38,59	513.0,4,35,57	542.0,4,35,57	364.0,3,37,58	366.0,3,37,58	263.0,3,38,59	331.0,3,37,58	420.0,3,36,58	398.0,3,37,58	240.0,3,38,59	151.0,3,39,59	253.0,3,38,59	242.0,3,38,59	165.0,3,39,59	100.0,3,39,60	65.0,3,40,60	17.0,3,40,60	0.0,3,40,60	0.0,3,40,60
312.0,3,37,58	195.0,3,39,59	142.0,3,39,60	73.0,3,40,60	73.0,3,40,60	73.0,3,40,60	73.0,3,40,60	73.0,3,40,60	73.0,3,40,60	73.0,3,40,60	73.0,3,40,60	73.0,3,40,60	73.0,3,40,60	73.0,3,40,60	73.0,3,40,60	73.0,3,40,60	73.0,3,40,60	73.0,3,40,60	73.0,3,40,60	73.0,3,40,60	73.0,3,40,60	73.0,3,40,60	77.0,3,40,60	134.0,3,39,60	240.0,3,38,59	339.0,3,37,58	485.0,3,36,57	535.0,4,35,57	365.0,3,37,58	507.0,4,35,57	614.0,4,34,56	748.0,4,33,56	698.0,4,34,56	707.0,4,33,56	716.0,4,33,56	730.0,4,33,56	412.0,3,36,58	293.0,3,38,59	408.0,3,36,58	86.0,3,40,60	134.0,3,39,60	517.0,4,35,57	561.0,4,35,57	573.0,4,35,57	453.0,3,36,57	160.0,3,39,59	635.0,4,34,56	418.0,3,36,58	259.0,3,38,59	130.0,3,39,60	204.0,3,38,59	423.0,3,36,58	265.0,3,38,59	187.0,3,39,59	188.0,3,39,59	116.0,3,39,60	32.0,3,40,60	0.0,3,40,60	0.0,3,40,60	0.0,3,40,60
271.0,3,38,59	165.0,3,39,59	73.0,3,40,60	73.0,3,40,60	73.0,3,40,60	73.0,3,40,60	73.0,3,40,60	73.0,3,40,60	73.0,3,40,60	73.0,3,40,60	73.0,3,40,60	73.0,3,40,60	73.0,3,40,60	73.0,3,40,60	73.0,3,40,60	73.0,3,40,60	73.0,3,40,60	73.0,3,40,60	73.0,3,40,60	73.0,3,40,60	99.0,3,40,60	111.0,3,39,60	129.0,3,39,60	165.0,3,39,59	236.0,3,38,59	278.0,3,38,59	364.0,3,37,58	475.0,3,36,57	433.0,3,36,58	426.0,3,36,58	541.0,4,35,57	554.0,4,35,57	612.0,4,34,56	616.0,4,34,56	476.0,3,36,57	516.0,4,35,57	235.0,3,38,59	163.0,3,39,59	133.0,3,39,60	98.0,3,40,60	150.0,3,39,59	408.0,3,36,58	685.0,4,34,56	404.0,3,36,58	467.0,3,36,57	196.0,3,39,59	327.0,3,37,58	362.0,3,37,58	383.0,3,37,58	195.0,3,39,59	378.0,3,37,58	253.0,3,38,59	367.0,3,37,58	178.0,3,39,59	105.0,3,39,60	72.0,3,40,60	31.0,3,40,60	0.0,3,40,60	0.0,3,40,60	0.0,3,40,60
256.0,3,38,59	73.0,3,40,60	73.0,3,40,60	73.0,3,40,60	73.0,3,40,60	73.0,3,40,60	73.0,3,40,60	97.0,3,40,60	108.0,3,39,60	103.0,3,39,60	121.0,3,39,60	130.0,3,39,60	107.0,3,39,60	92.0,3,40,60	73.0,3,40,60	73.0,3,40,60	73.0,3,40,60	73.0,3,40,60	73.0,3,40,60	109.0,3,39,60	133.0,3,39,60	135.0,3,39,60	123.0,3,39,60	126.0,3,39,60	173.0,3,39,59	167.0,3,39,59	195.0,3,39,59	175.0,3,39,59	249.0,3,38,59	426.0,3,36,58	442.0,3,36,58	605.0,4,34,56	712.0,4,33,56	688.0,4,34,56	242.0,3,38,59	440.0,3,36,58	307.0,3,37,58	145.0,3,39,60	39.0,3,40,60	326.0,3,37,58	315.0,3,37,58	581.0,4,35,57	517.0,4,35,57	465.0,3,36,57	326.0,3,37,58	322.0,3,37,58	415.0,3,36,58	488.0,3,36,57	205.0,3,38,59	182.0,3,39,59	139.0,3,39,60	155.0,3,39,59	255.0,3,38,59	84.0,3,40,60	104.0,3,39,60	87.0,3,40,60	0.0,3,40,60	0.0,3,40,60	0.0,3,40,60	0.0,3,40,60
230.0,3,38,59	210.0,3,38,59	197.0,3,39,59	95.0,3,40,60	88.0,3,40,60	99.0,3,40,60	130.0,3,39,60	149.0,3,39,60	190.0,3,39,59	187.0,3,39,59	195.0,3,39,59	208.0,3,38,59	209.0,3,38,59	174.0,3,39,59	116.0,3,39,60	156.0,3,39,59	163.0,3,39,59	138.0,3,39,60	125.0,3,39,60	127.0,3,39,60	148.0,3,39,60	145.0,3,39,60	116.0,3,39,60	128.0,3,39,60	112.0,3,39,60	112.0,3,39,60	141.0,3,39,60	175.0,3,39,59	255.0,3,38,59	304.0,3,37,58	418.0,3,36,58	368.0,3,37,58	502.0,4,35,57	495.0,3,36,57	371.0,3,37,58	502.0,4,35,57	286.0,3,38,59	95.0,3,40,60	90.0,3,40,60	201.0,3,38,59	512.0,4,35,57	242.0,3,38,59	470.0,3,36,57	654.0,4,34,56	360.0,3,37,58	255.0,3,38,59	474.0,3,36,57	344.0,3,37,58	298.0,3,38,59	135.0,3,39,60	70.0,3,40,60	201.0,3,38,59	173.0,3,39,59	103.0,3,39,60	23.0,3,40,60	57.0,3,40,60	0.0,3,40,60	0.0,3,40,60	0.0,3,40,60	0.0,3,40,60
208.0,3,38,59	200.0,3,38,59	193.0,3,39,59	188.0,3,39,59	184.0,3,39,59	178.0,3,39,59	172.0,3,39,59	182.0,3,39,59	177.0,3,39,59	193.0,3,39,59	236.0,3,38,59	228.0,3,38,59	207.0,3,38,59	177.0,3,39,59	161.0,3,39,59	226.0,3,38,59	164.0,3,39,59	173.0,3,39,59	130.0,3,39,60	122.0,3,39,60	133.0,3,39,60	166.0,3,39,59	127.0,3,39,60	166.0,3,39,59	144.0,3,39,60	166.0,3,39,59	176.0,3,39,59	288.0,3,38,59	273.0,3,38,59	132.0,3,39,60	267.0,3,38,59	265.0,3,38,59	431.0,3,36,58	340.0,3,37,58	262.0,3,38,59	327.0,3,37,58	151.0,3,39,59	79.0,3,40,60	82.0,3,40,60	327.0,3,37,58	725.0,4,33,56	736.0,4,33,56	543.0,4,35,57	303.0,3,37,58	256.0,3,38,59	364.0,3,37,58	455.0,3,36,57	344.0,3,37,58	322.0,3,37,58	180.0,3,39,59	227.0,3,38,59	156.0,3,39,59	102.0,3,39,60	49.0,3,40,60	0.0,3,40,60	0.0,3,40,60	0.0,3,40,60	0.0,3,40,60	0.0,3,40,60	0.0,3,40,60
219.0,3,38,59	195.0,3,39,59	181.0,3,39,59	177.0,3,39,59	177.0,3,39,59	178.0,3,39,59	177.0,3,39,59	208.0,3,38,59	220.0,3,38,59	258.0,3,38,59	277.0,3,38,59	311.0,3,37,58	278.0,3,38,59	184.0,3,39,59	209.0,3,38,59	238.0,3,38,59	200.0,3,38,59	209.0,3,38,59	161.0,3,39,59	138.0,3,39,60	170.0,3,39,59	272.0,3,38,59	277.0,3,38,59	397.0,3,37,58	314.0,3,37,58	485.0,3,36,57	265.0,3,38,59	360.0,3,37,58	374.0,3,37,58	474.0,3,36,57	425.0,3,36,58	236.0,3,38,59	229.0,3,38,59	120.0,3,39,60	119.0,3,39,60	262.0,3,38,59	131.0,3,39,60	95.0,3,40,60	175.0,3,39,59	117.0,3,39,60	232.0,3,38,59	850.0,4,32,55	565.0,4,35,57	337.0,3,37,58	115.0,3,39,60	383.0,3,37,58	393.0,3,37,58	327.0,3,37,58	284.0,3,38,59	174.0,3,39,59	119.0,3,39,60	98.0,3,40,60	87.0,3,40,60	41.0,3,40,60	26.0,3,40,60	0.0,3,40,60	0.0,3,40,60	0.0,3,40,60	0.0,3,40,60	0.0,3,40,60
193.0,3,39,59	177.0,3,39,59	172.0,3,39,59	172.0,3,39,59	172.0,3,39,59	172.0,3,39,59	172.0,3,39,59	186.0,3,39,59	240.0,3,38,59	312.0,3,37,58	405.0,3,36,58	469.0,3,36,57	361.0,3,37,58	228.0,3,38,59	293.0,3,38,59	308.0,3,37,58	278.0,3,38,59	266.0,3,38,59	135.0,3,39,60	175.0,3,39,59	275.0,3,38,59	341.0,3,37,58	419.0,3,36,58	475.0,3,36,57	456.0,3,36,57	582.0,4,35,57	354.0,3,37,58	364.0,3,37,58	374.0,3,37,58	517.0,4,35,57	407.0,3,36,58	446.0,3,36,58	265.0,3,38,59	337.0,3,37,58	257.0,3,38,59	370.0,3,37,58	122.0,3,39,60	91.0,3,40,60	222.0,3,38,59	273.0,3,38,59	465.0,3,36,57	718.0,4,33,56	442.0,3,36,58	515.0,4,35,57	168.0,3,39,59	156.0,3,39,59	398.0,3,37,58	368.0,3,37,58	401.0,3,36,58	85.0,3,40,60	119.0,3,39,60	73.0,3,40,60	51.0,3,40,60	74.0,3,40,60	14.0,3,40,60	0.0,3,40,60	0.0,3,40,60	0.0,3,40,60	0.0,3,40,60	0.0,3,40,60
172.0,3,39,59	172.0,3,39,59	172.0,3,39,59	172.0,3,39,59	172.0,3,39,59	172.0,3,39,59	172.0,3,39,59	257.0,3,38,59	363.0,3,37,58	304.0,3,37,58	450.0,3,36,57	337.0,3,37,58	332.0,3,37,58	274.0,3,38,59	491.0,3,36,57	652.0,4,34,56	340.0,3,37,58	301.0,3,37,58	135.0,3,39,60	198.0,3,39,59	330.0,3,37,58	217.0,3,38,59	536.0,4,35,57	474.0,3,36,57	588.0,4,35,57	458.0,3,36,57	534.0,4,35,57	419.0,3,36,58	464.0,3,36,57	574.0,4,35,57	365.0,3,37,58	420.0,3,36,58	363.0,3,37,58	350.0,3,37,58	371.0,3,37,58	226.0,3,38,59	103.0,3,39,60	62.0,3,40,60	183.0,3,39,59	446.0,3,36,58	241.0,3,38,59	722.0,4,33,56	507.0,4,35,57	226.0,3,38,59	372.0,3,37,58	221.0,3,38,59	387.0,3,37,58	320.0,3,37,58	314.0,3,37,58	135.0,3,39,60	56.0,3,40,60	61.0,3,40,60	36.0,3,40,60	45.0,3,40,60	1.0,3,40,60	0.0,3,40,60	0.0,3,40,60	0.0,3,40,60	0.0,3,40,60	0.0,3,40,60
172.0,3,39,59	172.0,3,39,59	172.0,3,39,59	172.0,3,39,59	172.0,3,39,59	172.0,3,39,59	234.0,3,38,59	333.0,3,37,58	412.0,3,36,58	431.0,3,36,58	577.0,4,35,57	525.0,4,35,57	396.0,3,37,58	343.0,3,37,58	528.0,4,35,57	448.0,3,36,58	404.0,3,36,58	293.0,3,38,59	231.0,3,38,59	380.0,3,37,58	255.0,3,38,59	382.0,3,37,58	439.0,3,36,58	470.0,3,36,57	480.0,3,36,57	557.0,4,35,57	372.0,3,37,58	480.0,3,36,57	548.0,4,35,57	464.0,3,36,57	413.0,3,36,58	505.0,4,35,57	549.0,4,35,57	550.0,4,35,57	572.0,4,35,57	422.0,3,36,58	75.0,3,40,60	75.0,3,40,60	210.0,3,38,59	404.0,3,36,58	458.0,3,36,57	665.0,4,34,56	280.0,3,38,59	421.0,3,36,58	55.0,3,40,60	301.0,3,37,58	201.0,3,38,59	321.0,3,37,58	267.0,3,38,59	126.0,3,39,60	109.0,3,39,60	50.0,3,40,60	30.0,3,40,60	32.0,3,40,60	30.0,3,40,60	14.0,3,40,60	0.0,3,40,60	0.0,3,40,60	0.0,3,40,60	0.0,3,40,60
172.0,3,39,59	172.0,3,39,59	172.0,3,39,59	172.0,3,39,59	182.0,3,39,59	252.0,3,38,59	270.0,3,38,59	412.0,3,36,58	348.0,3,37,58	445.0,3,36,58	569.0,4,35,57	461.0,3,36,57	567.0,4,35,57	557.0,4,35,57	638.0,4,34,56	590.0,4,35,57	418.0,3,36,58	246.0,3,38,59	305.0,3,37,58	525.0,4,35,57	349.0,3,37,58	356.0,3,37,58	420.0,3,36,58	370.0,3,37,58	389.0,3,37,58	418.0,3,36,58	383.0,3,37,58	406.0,3,36,58	425.0,3,36,58	534.0,4,35,57	499.0,3,36,57	636.0,4,34,56	614.0,4,34,56	526.0,4,35,57	628.0,4,34,56	370.0,3,37,58	271.0,3,38,59	56.0,3,40,60	150.0,3,39,59	342.0,3,37,58	410.0,3,36,58	609.0,4,34,56	432.0,3,36,58	355.0,3,37,58	152.0,3,39,59	327.0,3,37,58	263.0,3,38,59	356.0,3,37,58	337.0,3,37,58	101.0,3,39,60	140.0,3,39,60	76.0,3,40,60	49.0,3,40,60	19.0,3,40,60	3.0,3,40,60	0.0,3,40,60	0.0,3,40,60	0.0,3,40,60	0.0,3,40,60	0.0,3,40,60
172.0,3,39,59	172.0,3,39,59	172.0,3,39,59	216.0,3,38,59	388.0,3,37,58	462.0,3,36,57	405.0,3,36,58	405.0,3,36,58	594.0,4,35,57	516.0,4,35,57	583.0,4,35,57	381.0,3,37,58	553.0,4,35,57	559.0,4,35,57	528.0,4,35,57	531.0,4,35,57	350.0,3,37,58	409.0,3,36,58	462.0,3,36,57	500.0,4,35,57	347.0,3,37,58	521.0,4,35,57	399.0,3,37,58	456.0,3,36,57	391.0,3,37,58	427.0,3,36,58	459.0,3,36,57	417.0,3,36,58	354.0,3,37,58	520.0,4,35,57	694.0,4,34,56	540.0,4,35,57	674.0,4,34,56	414.0,3,36,58	642.0,4,34,56	218.0,3,38,59	194.0,3,39,59	65.0,3,40,60	227.0,3,38,59	366.0,3,37,58	528.0,4,35,57	474.0,3,36,57	311.0,3,37,58	171.0,3,39,59	44.0,3,40,60	216.0,3,38,59	303.0,3,37,58	264.0,3,38,59	228.0,3,38,59	186.0,3,39,59	99.0,3,40,60	51.0,3,40,60	33.0,3,40,60	8.0,3,40,60	0.0,3,40,60	0.0,3,40,60	0.0,3,40,60	0.0,3,40,60	0.0,3,40,60	0.0,3,40,60
172.0,3,39,59	172.0,3,39,59	385.0,3,37,58	408.0,3,36,58	406.0,3,36,58	515.0,4,35,57	516.0,4,35,57	529.0,4,35,57	606.0,4,34,56	676.0,4,34,56	532.0,4,35,57	524.0,4,35,57	538.0,4,35,57	576.0,4,35,57	561.0,4,35,57	545.0,4,35,57	488.0,3,36,57	493.0,3,36,57	380.0,3,37,58	469.0,3,36,57	420.0,3,36,58	372.0,3,37,58	479.0,3,36,57	400.0,3,36,58	414.0,3,36,58	362.0,3,37,58	429.0,3,36,58	475.0,3,36,57	489.0,3,36,57	588.0,4,35,57	476.0,3,36,57	592.0,4,35,57	525.0,4,35,57	392.0,3,37,58	597.0,4,35,57	441.0,3,36,58	72.0,3,40,60	55.0,3,40,60	297.0,3,38,59	352.0,3,37,58	394.0,3,37,58	400.0,3,36,58	163.0,3,39,59	78.0,3,40,60	86.0,3,40,60	143.0,3,39,60	273.0,3,38,59	207.0,3,38,59	291.0,3,38,59	169.0,3,39,59	91.0,3,40,60	60.0,3,40,60	43.0,3,40,60	8.0,3,40,60	22.0,3,40,60	0.0,3,40,60	0.0,3,40,60	0.0,3,40,60	0.0,3,40,60	0.0,3,40,60
211.0,3,38,59	451.0,3,36,57	482.0,3,36,57	497.0,3,36,57	494.0,3,36,57	477.0,3,36,57	434.0,3,36,58	632.0,4,34,56	478.0,3,36,57	630.0,4,34,56	493.0,3,36,57	623.0,4,34,56	485.0,3,36,57	558.0,4,35,57	646.0,4,34,56	555.0,4,35,57	512.0,4,35,57	289.0,3,38,59	301.0,3,37,58	383.0,3,37,58	463.0,3,36,57	374.0,3,37,58	330.0,3,37,58	404.0,3,36,58	392.0,3,37,58	471.0,3,36,57	320.0,3,37,58	552.0,4,35,57	676.0,4,34,56	445.0,3,36,58	624.0,4,34,56	630.0,4,34,56	576.0,4,35,57	575.0,4,35,57	952.0,4,31,54	843.0,4,32,55	0.0,3,40,60	121.0,3,39,60	282.0,3,38,59	206.0,3,38,59	441.0,3,36,58	432.0,3,36,58	336.0,3,37,58	75.0,3,40,60	76.0,3,40,60	114.0,3,39,60	317.0,3,37,58	231.0,3,38,59	183.0,3,39,59	123.0,3,39,60	126.0,3,39,60	60.0,3,40,60	19.0,3,40,60	49.0,3,40,60	41.0,3,40,60	0.0,3,40,60	0.0,3,40,60	0.0,3,40,60	0.0,3,40,60	0.0,3,40,60
423.0,3,36,58	403.0,3,36,58	487.0,3,36,57	537.0,4,35,57	452.0,3,36,57	438.0,3,36,58	527.0,4,35,57	657.0,4,34,56	441.0,3,36,58	586.0,4,35,57	509.0,4,35,57	655.0,4,34,56	630.0,4,34,56	598.0,4,35,57	688.0,4,34,56	562.0,4,35,57	452.0,3,36,57	370.0,3,37,58	489.0,3,36,57	486.0,3,36,57	411.0,3,36,58	238.0,3,38,59	387.0,3,37,58	407.0,3,36,58	434.0,3,36,58	424.0,3,36,58	543.0,4,35,57	434.0,3,36,58	518.0,4,35,57	673.0,4,34,56	723.0,4,33,56	614.0,4,34,56	877.0,4,32,55	777.0,4,33,55	403.0,3,36,58	131.0,3,39,60	47.0,3,40,60	256.0,3,38,59	198.0,3,39,59	239.0,3,38,59	361.0,3,37,58	197.0,3,39,59	313.0,3,37,58	65.0,3,40,60	67.0,3,40,60	189.0,3,39,59	288.0,3,38,59	241.0,3,38,59	168.0,3,39,59	195.0,3,39,59	79.0,3,40,60	90.0,3,40,60	28.0,3,40,60	35.0,3,40,60	27.0,3,40,60	8.0,3,40,60	0.0,3,40,60	0.0,3,40,60	0.0,3,40,60	0.0,3,40,60
424.0,3,36,58	500.0,4,35,57	434.0,3,36,58	527.0,4,35,57	566.0,4,35,57	393.0,3,37,58	638.0,4,34,56	642.0,4,34,56	471.0,3,36,57	598.0,4,35,57	713.0,4,33,56	567.0,4,35,57	582.0,4,35,57	705.0,4,33,56	486.0,3,36,57	565.0,4,35,57	515.0,4,35,57	341.0,3,37,58	489.0,3,36,57	561.0,4,35,57	394.0,3,37,58	446.0,3,36,58	475.0,3,36,57	522.0,4,35,57	479.0,3,36,57	494.0,3,36,57	372.0,3,37,58	611.0,4,34,56	463.0,3,36,57	548.0,4,35,57	467.0,3,36,57	586.0,4,35,57	521.0,4,35,57	438.0,3,36,58	224.0,3,38,59	52.0,3,40,60	70.0,3,40,60	172.0,3,39,59	319.0,3,37,58	190.0,3,39,59	485.0,3,36,57	305.0,3,37,58	307.0,3,37,58	55.0,3,40,60	31.0,3,40,60	267.0,3,38,59	251.0,3,38,59	240.0,3,38,59	128.0,3,39,60	170.0,3,39,59	106.0,3,39,60	19.0,3,40,60	6.0,3,40,60	17.0,3,40,60	32.0,3,40,60	31.0,3,40,60	0.0,3,40,60	0.0,3,40,60	0.0,3,40,60	19.0,3,40,60
350.0,3,37,58	445.0,3,36,58	544.0,4,35,57	480.0,3,36,57	466.0,3,36,57	570.0,4,35,57	640.0,4,34,56	656.0,4,34,56	639.0,4,34,56	500.0,4,35,57	667.0,4,34,56	605.0,4,34,56	754.0,4,33,55	620.0,4,34,56	554.0,4,35,57	669.0,4,34,56	356.0,3,37,58	437.0,3,36,58	538.0,4,35,57	394.0,3,37,58	385.0,3,37,58	333.0,3,37,58	368.0,3,37,58	293.0,3,38,59	482.0,3,36,57	458.0,3,36,57	443.0,3,36,58	628.0,4,34,56	414.0,3,36,58	364.0,3,37,58	472.0,3,36,57	513.0,4,35,57	458.0,3,36,57	381.0,3,37,58	140.0,3,39,60	56.0,3,40,60	102.0,3,39,60	154.0,3,39,59	139.0,3,39,60	159.0,3,39,59	398.0,3,37,58	312.0,3,37,58	96.0,3,40,60	28.0,3,40,60	82.0,3,40,60	227.0,3,38,59	141.0,3,39,60	210.0,3,38,59	137.0,3,39,60	122.0,3,39,60	92.0,3,40,60	3.0,3,40,60	5.0,3,40,60	-7.0,3,40,60	27.0,3,40,60	30.0,3,40,60	0.0,3,40,60	0.0,3,40,60	0.0,3,40,60	-2.0,3,40,60
395.0,3,37,58	445.0,3,36,58	480.0,3,36,57	524.0,4,35,57	505.0,4,35,57	580.0,4,35,57	620.0,4,34,56	574.0,4,35,57	689.0,4,34,56	607.0,4,34,56	688.0,4,34,56	726.0,4,33,56	602.0,4,34,56	688.0,4,34,56	662.0,4,34,56	425.0,3,36,58	488.0,3,36,57	663.0,4,34,56	612.0,4,34,56	465.0,3,36,57	286.0,3,38,59	347.0,3,37,58	386.0,3,37,58	357.0,3,37,58	400.0,3,36,58	408.0,3,36,58	394.0,3,37,58	481.0,3,36,57	430.0,3,36,58	325.0,3,37,58	392.0,3,37,58	355.0,3,37,58	441.0,3,36,58	104.0,3,39,60	348.0,3,37,58	151.0,3,39,59	62.0,3,40,60	203.0,3,38,59	111.0,3,39,60	216.0,3,38,59	271.0,3,38,59	263.0,3,38,59	101.0,3,39,60	81.0,3,40,60	125.0,3,39,60	223.0,3,38,59	121.0,3,39,60	179.0,3,39,59	93.0,3,40,60	164.0,3,39,59	19.0,3,40,60	-20.0,3,40,60	-19.0,3,40,60	13.0,3,40,60	-14.0,3,40,60	0.0,3,40,60	44.0,3,40,60	32.0,3,40,60	-3.0,3,40,60	20.0,3,40,60
456.0,3,36,57	467.0,3,36,57	480.0,3,36,57	527.0,4,35,57	486.0,3,36,57	541.0,4,35,57	591.0,4,35,57	596.0,4,35,57	575.0,4,35,57	676.0,4,34,56	430.0,3,36,58	675.0,4,34,56	670.0,4,34,56	603.0,4,34,56	660.0,4,34,56	600.0,4,34,56	432.0,3,36,58	565.0,4,35,57	484.0,3,36,57	619.0,4,34,56	557.0,4,35,57	417.0,3,36,58	406.0,3,36,58	292.0,3,38,59	345.0,3,37,58	338.0,3,37,58	488.0,3,36,57	518.0,4,35,57	365.0,3,37,58	356.0,3,37,58	375.0,3,37,58	411.0,3,36,58	466.0,3,36,57	157.0,3,39,59	111.0,3,39,60	156.0,3,39,59	76.0,3,40,60	109.0,3,39,60	249.0,3,38,59	212.0,3,38,59	213.0,3,38,59	85.0,3,40,60	52.0,3,40,60	41.0,3,40,60	197.0,3,39,59	82.0,3,40,60	100.0,3,39,60	59.0,3,40,60	98.0,3,40,60	150.0,3,39,59	48.0,3,40,60	-20.0,3,40,60	-1.0,3,40,60	3.0,3,40,60	0.0,3,40,60	0.0,3,40,60	9.0,3,40,60	0.0,3,40,60	0.0,3,40,60	0.0,3,40,60
387.0,3,37,58	434.0,3,36,58	475.0,3,36,57	369.0,3,37,58	487.0,3,36,57	456.0,3,36,57	523.0,4,35,57	538.0,4,35,57	610.0,4,34,56	551.0,4,35,57	587.0,4,35,57	485.0,3,36,57	574.0,4,35,57	520.0,4,35,57	461.0,3,36,57	495.0,3,36,57	518.0,4,35,57	596.0,4,35,57	420.0,3,36,58	443.0,3,36,58	565.0,4,35,57	567.0,4,35,57	588.0,4,35,57	695.0,4,34,56	333.0,3,37,58	427.0,3,36,58	302.0,3,37,58	499.0,3,36,57	439.0,3,36,58	251.0,3,38,59	190.0,3,39,59	342.0,3,37,58	213.0,3,38,59	206.0,3,38,59	124.0,3,39,60	92.0,3,40,60	212.0,3,38,59	347.0,3,37,58	214.0,3,38,59	145.0,3,39,60	83.0,3,40,60	60.0,3,40,60	83.0,3,40,60	83.0,3,40,60	117.0,3,39,60	162.0,3,39,59	189.0,3,39,59	68.0,3,40,60	89.0,3,40,60	57.0,3,40,60	70.0,3,40,60	-13.0,3,40,60	-16.0,3,40,60	-20.0,3,40,60	0.0,3,40,60	0.0,3,40,60	0.0,3,40,60	0.0,3,40,60	0.0,3,40,60	0.0,3,40,60
458.0,3,36,57	457.0,3,36,57	465.0,3,36,57	471.0,3,36,57	500.0,4,35,57	502.0,4,35,57	497.0,3,36,57	460.0,3,36,57	606.0,4,34,56	646.0,4,34,56	485.0,3,36,57	470.0,3,36,57	452.0,3,36,57	456.0,3,36,57	263.0,3,38,59	577.0,4,35,57	577.0,4,35,57	511.0,4,35,57	414.0,3,36,58	574.0,4,35,57	473.0,3,36,57	696.0,4,34,56	717.0,4,33,56	483.0,3,36,57	355.0,3,37,58	172.0,3,39,59	485.0,3,36,57	461.0,3,36,57	533.0,4,35,57	430.0,3,36,58	423.0,3,36,58	300.0,3,37,58	267.0,3,38,59	118.0,3,39,60	140.0,3,39,60	340.0,3,37,58	193.0,3,39,59	192.0,3,39,59	201.0,3,38,59	207.0,3,38,59	137.0,3,39,60	161.0,3,39,59	-1.0,3,40,60	65.0,3,40,60	92.0,3,40,60	2.0,3,40,60	54.0,3,40,60	13.0,3,40,60	31.0,3,40,60	9.0,3,40,60	0.0,3,40,60	0.0,3,40,60	-19.0,3,40,60	0.0,3,40,60	0.0,3,40,60	-5.0,3,40,60	-1.0,3,40,60	0.0,3,40,60	0.0,3,40,60	0.0,3,40,60
455.0,3,36,57	423.0,3,36,58	445.0,3,36,58	435.0,3,36,58	421.0,3,36,58	494.0,3,36,57	435.0,3,36,58	490.0,3,36,57	695.0,4,34,56	434.0,3,36,58	620.0,4,34,56	637.0,4,34,56	458.0,3,36,57	548.0,4,35,57	449.0,3,36,58	512.0,4,35,57	455.0,3,36,57	272.0,3,38,59	163.0,3,39,59	160.0,3,39,59	353.0,3,37,58	435.0,3,36,58	411.0,3,36,58	265.0,3,38,59	167.0,3,39,59	500.0,4,35,57	623.0,4,34,56	619.0,4,34,56	596.0,4,35,57	425.0,3,36,58	330.0,3,37,58	270.0,3,38,59	161.0,3,39,59	148.0,3,39,60	260.0,3,38,59	329.0,3,37,58	69.0,3,40,60	106.0,3,39,60	191.0,3,39,59	98.0,3,40,60	105.0,3,39,60	24.0,3,40,60	0.0,3,40,60	0.0,3,40,60	0.0,3,40,60	0.0,3,40,60	0.0,3,40,60	0.0,3,40,60	0.0,3,40,60	0.0,3,40,60	0.0,3,40,60	0.0,3,40,60	0.0,3,40,60	0.0,3,40,60	0.0,3,40,60	0.0,3,40,60	0.0,3,40,60	0.0,3,40,60	0.0,3,40,60	-1.0,3,40,60
396.0,3,37,58	470.0,3,36,57	269.0,3,38,59	389.0,3,37,58	432.0,3,36,58	401.0,3,36,58	511.0,4,35,57	424.0,3,36,58	535.0,4,35,57	682.0,4,34,56	507.0,4,35,57	319.0,3,37,58	568.0,4,35,57	467.0,3,36,57	419.0,3,36,58	171.0,3,39,59	492.0,3,36,57	499.0,3,36,57	173.0,3,39,59	187.0,3,39,59	298.0,3,38,59	195.0,3,39,59	453.0,3,36,57	308.0,3,37,58	362.0,3,37,58	478.0,3,36,57	532.0,4,35,57	558.0,4,35,57	310.0,3,37,58	356.0,3,37,58	130.0,3,39,60	149.0,3,39,60	194.0,3,39,59	387.0,3,37,58	211.0,3,38,59	179.0,3,39,59	0.0,3,40,60	197.0,3,39,59	74.0,3,40,60	24.0,3,40,60	0.0,3,40,60	0.0,3,40,60	0.0,3,40,60	0.0,3,40,60	0.0,3,40,60	0.0,3,40,60	0.0,3,40,60	0.0,3,40,60	0.0,3,40,60	0.0,3,40,60	0.0,3,40,60	0.0,3,40,60	0.0,3,40,60	0.0,3,40,60	0.0,3,40,60	0.0,3,40,60	0.0,3,40,60	0.0,3,40,60	0.0,3,40,60	0.0,3,40,60
406.0,3,36,58	405.0,3,36,58	428.0,3,36,58	412.0,3,36,58	418.0,3,36,58	500.0,4,35,57	471.0,3,36,57	483.0,3,36,57	587.0,4,35,57	354.0,3,37,58	537.0,4,35,57	497.0,3,36,57	548.0,4,35,57	366.0,3,37,58	489.0,3,36,57	511.0,4,35,57	503.0,4,35,57	439.0,3,36,58	191.0,3,39,59	174.0,3,39,59	229.0,3,38,59	221.0,3,38,59	252.0,3,38,59	312.0,3,37,58	587.0,4,35,57	404.0,3,36,58	487.0,3,36,57	499.0,3,36,57	253.0,3,38,59	101.0,3,39,60	158.0,3,39,59	194.0,3,39,59	384.0,3,37,58	245.0,3,38,59	147.0,3,39,60	74.0,3,40,60	0.0,3,40,60	63.0,3,40,60	0.0,3,40,60	0.0,3,40,60	0.0,3,40,60	0.0,3,40,60	0.0,3,40,60	0.0,3,40,60	22.0,3,40,60	0.0,3,40,60	21.0,3,40,60	4.0,3,40,60	0.0,3,40,60	0.0,3,40,60	0.0,3,40,60	0.0,3,40,60	0.0,3,40,60	0.0,3,40,60	0.0,3,40,60	0.0,3,40,60	0.0,3,40,60	0.0,3,40,60	0.0,3,40,60	0.0,3,40,60
387.0,3,37,58	375.0,3,37,58	407.0,3,36,58	402.0,3,36,58	469.0,3,36,57	431.0,3,36,58	433.0,3,36,58	567.0,4,35,57	510.0,4,35,57	505.0,4,35,57	514.0,4,35,57	611.0,4,34,56	452.0,3,36,57	237.0,3,38,59	560.0,4,35,57	355.0,3,37,58	491.0,3,36,57	205.0,3,38,59	281.0,3,38,59	143.0,3,39,60	218.0,3,38,59	285.0,3,38,59	542.0,4,35,57	532.0,4,35,57	399.0,3,37,58	460.0,3,36,57	309.0,3,37,58	281.0,3,38,59	478.0,3,36,57	133.0,3,39,60	157.0,3,39,59	333.0,3,37,58	203.0,3,38,59	122.0,3,39,60	56.0,3,40,60	23.0,3,40,60	41.0,3,40,60	0.0,3,40,60	0.0,3,40,60	22.0,3,40,60	0.0,3,40,60	46.0,3,40,60	26.0,3,40,60	27.0,3,40,60	37.0,3,40,60	8.0,3,40,60	0.0,3,40,60	0.0,3,40,60	0.0,3,40,60	0.0,3,40,60	0.0,3,40,60	0.0,3,40,60	0.0,3,40,60	0.0,3,40,60	0.0,3,40,60	0.0,3,40,60	0.0,3,40,60	0.0,3,40,60	0.0,3,40,60	0.0,3,40,60
359.0,3,37,58	367.0,3,37,58	321.0,3,37,58	319.0,3,37,58	359.0,3,37,58	378.0,3,37,58	534.0,4,35,57	476.0,3,36,57	475.0,3,36,57	507.0,4,35,57	580.0,4,35,57	510.0,4,35,57	415.0,3,36,58	341.0,3,37,58	490.0,3,36,57	634.0,4,34,56	426.0,3,36,58	182.0,3,39,59	269.0,3,38,59	232.0,3,38,59	342.0,3,37,58	345.0,3,37,58	505.0,4,35,57	377.0,3,37,58	445.0,3,36,58	227.0,3,38,59	235.0,3,38,59	265.0,3,38,59	158.0,3,39,59	229.0,3,38,59	187.0,3,39,59	255.0,3,38,59	183.0,3,39,59	67.0,3,40,60	78.0,3,40,60	3.0,3,40,60	6.0,3,40,60	38.0,3,40,60	57.0,3,40,60	48.0,3,40,60	27.0,3,40,60	24.0,3,40,60	6.0,3,40,60	0.0,3,40,60	0.0,3,40,60	0.0,3,40,60	0.0,3,40,60	0.0,3,40,60	0.0,3,40,60	0.0,3,40,60	0.0,3,40,60	0.0,3,40,60	0.0,3,40,60	0.0,3,40,60	0.0,3,40,60	0.0,3,40,60	0.0,3,40,60	0.0,3,40,60	0.0,3,40,60	0.0,3,40,60
346.0,3,37,58	313.0,3,37,58	311.0,3,37,58	355.0,3,37,58	307.0,3,37,58	384.0,3,37,58	479.0,3,36,57	498.0,3,36,57	664.0,4,34,56	486.0,3,36,57	484.0,3,36,57	400.0,3,36,58	358.0,3,37,58	260.0,3,38,59	245.0,3,38,59	182.0,3,39,59	451.0,3,36,57	210.0,3,38,59	223.0,3,38,59	265.0,3,38,59	238.0,3,38,59	464.0,3,36,57	260.0,3,38,59	275.0,3,38,59	316.0,3,37,58	198.0,3,39,59	177.0,3,39,59	125.0,3,39,60	120.0,3,39,60	134.0,3,39,60	89.0,3,40,60	65.0,3,40,60	86.0,3,40,60	106.0,3,39,60	16.0,3,40,60	0.0,3,40,60	12.0,3,40,60	7.0,3,40,60	10.0,3,40,60	8.0,3,40,60	0.0,3,40,60	0.0,3,40,60	0.0,3,40,60	0.0,3,40,60	0.0,3,40,60	0.0,3,40,60	0.0,3,40,60	0.0,3,40,60	0.0,3,40,60	0.0,3,40,60	0.0,3,40,60	0.0,3,40,60	0.0,3,40,60	0.0,3,40,60	0.0,3,40,60	0.0,3,40,60	0.0,3,40,60	0.0,3,40,60	0.0,3,40,60	0.0,3,40,60
328.0,3,37,58	271.0,3,38,59	322.0,3,37,58	406.0,3,36,58	383.0,3,37,58	341.0,3,37,58	541.0,4,35,57	529.0,4,35,57	584.0,4,35,57	733.0,4,33,56	727.0,4,33,56	433.0,3,36,58	238.0,3,38,59	264.0,3,38,59	150.0,3,39,59	215.0,3,38,59	201.0,3,38,59	225.0,3,38,59	158.0,3,39,59	203.0,3,38,59	471.0,3,36,57	212.0,3,38,59	217.0,3,38,59	344.0,3,37,58	170.0,3,39,59	179.0,3,39,59	130.0,3,39,60	117.0,3,39,60	118.0,3,39,60	45.0,3,40,60	200.0,3,38,59	52.0,3,40,60	23.0,3,40,60	21.0,3,40,60	0.0,3,40,60	0.0,3,40,60	3.0,3,40,60	0.0,3,40,60	0.0,3,40,60	0.0,3,40,60	0.0,3,40,60	0.0,3,40,60	0.0,3,40,60	0.0,3,40,60	0.0,3,40,60	0.0,3,40,60	0.0,3,40,60	0.0,3,40,60	0.0,3,40,60	0.0,3,40,60	0.0,3,40,60	0.0,3,40,60	0.0,3,40,60	0.0,3,40,60	0.0,3,40,60	0.0,3,40,60	0.0,3,40,60	0.0,3,40,60	0.0,3,40,60	0.0,3,40,60
253.0,3,38,59	334.0,3,37,58	377.0,3,37,58	376.0,3,37,58	318.0,3,37,58	581.0,4,35,57	516.0,4,35,57	602.0,4,34,56	606.0,4,34,56	489.0,3,36,57	323.0,3,37,58	341.0,3,37,58	332.0,3,37,58	244.0,3,38,59	358.0,3,37,58	618.0,4,34,56	267.0,3,38,59	276.0,3,38,59	182.0,3,39,59	238.0,3,38,59	245.0,3,38,59	145.0,3,39,60	161.0,3,39,59	141.0,3,39,60	106.0,3,39,60	241.0,3,38,59	305.0,3,37,58	169.0,3,39,59	172.0,3,39,59	79.0,3,40,60	70.0,3,40,60	130.0,3,39,60	37.0,3,40,60	27.0,3,40,60	12.0,3,40,60	0.0,3,40,60	0.0,3,40,60	0.0,3,40,60	0.0,3,40,60	0.0,3,40,60	0.0,3,40,60	0.0,3,40,60	0.0,3,40,60	0.0,3,40,60	0.0,3,40,60	0.0,3,40,60	0.0,3,40,60	0.0,3,40,60	0.0,3,40,60	0.0,3,40,60	0.0,3,40,60	0.0,3,40,60	0.0,3,40,60	0.0,3,40,60	0.0,3,40,60	0.0,3,40,60	0.0,3,40,60	0.0,3,40,60	0.0,3,40,60	0.0,3,40,60
354.0,3,37,58	330.0,3,37,58	346.0,3,37,58	352.0,3,37,58	349.0,3,37,58	380.0,3,37,58	564.0,4,35,57	645.0,4,34,56	725.0,4,33,56	469.0,3,36,57	480.0,3,36,57	419.0,3,36,58	435.0,3,36,58	459.0,3,36,57	570.0,4,35,57	205.0,3,38,59	154.0,3,39,59	222.0,3,38,59	208.0,3,38,59	156.0,3,39,59	167.0,3,39,59	149.0,3,39,60	169.0,3,39,59	122.0,3,39,60	61.0,3,40,60	108.0,3,39,60	86.0,3,40,60	124.0,3,39,60	205.0,3,38,59	118.0,3,39,60	29.0,3,40,60	61.0,3,40,60	21.0,3,40,60	51.0,3,40,60	45.0,3,40,60	17.0,3,40,60	0.0,3,40,60	0.0,3,40,60	0.0,3,40,60	0.0,3,40,60	0.0,3,40,60	0.0,3,40,60	0.0,3,40,60	0.0,3,40,60	0.0,3,40,60	0.0,3,40,60	0.0,3,40,60	0.0,3,40,60	0.0,3,40,60	0.0,3,40,60	0.0,3,40,60	0.0,3,40,60	0.0,3,40,60	0.0,3,40,60	0.0,3,40,60	0.0,3,40,60	0.0,3,40,60	0.0,3,40,60	0.0,3,40,60	0.0,3,40,60
295.0,3,38,59	343.0,3,37,58	298.0,3,38,59	304.0,3,37,58	370.0,3,37,58	621.0,4,34,56	560.0,4,35,57	560.0,4,35,57	519.0,4,35,57	440.0,3,36,58	585.0,4,35,57	633.0,4,34,56	254.0,3,38,59	336.0,3,37,58	382.0,3,37,58	184.0,3,39,59	139.0,3,39,60	148.0,3,39,60	120.0,3,39,60	114.0,3,39,60	151.0,3,39,59	159.0,3,39,59	133.0,3,39,60	154.0,3,39,59	223.0,3,38,59	252.0,3,38,59	46.0,3,40,60	75.0,3,40,60	141.0,3,39,60	81.0,3,40,60	54.0,3,40,60	18.0,3,40,60	39.0,3,40,60	84.0,3,40,60	32.0,3,40,60	29.0,3,40,60	0.0,3,40,60	0.0,3,40,60	0.0,3,40,60	0.0,3,40,60	0.0,3,40,60	0.0,3,40,60	0.0,3,40,60	0.0,3,40,60	0.0,3,40,60	0.0,3,40,60	0.0,3,40,60	0.0,3,40,60	0.0,3,40,60	0.0,3,40,60	0.0,3,40,60	0.0,3,40,60	0.0,3,40,60	0.0,3,40,60	0.0,3,40,60	0.0,3,40,60	0.0,3,40,60	0.0,3,40,60	0.0,3,40,60	0.0,3,40,60
341.0,3,37,58	309.0,3,37,58	398.0,3,37,58	500.0,4,35,57	504.0,4,35,57	694.0,4,34,56	595.0,4,35,57	719.0,4,33,56	416.0,3,36,58	402.0,3,36,58	378.0,3,37,58	446.0,3,36,58	291.0,3,38,59	247.0,3,38,59	217.0,3,38,59	204.0,3,38,59	206.0,3,38,59	356.0,3,37,58	211.0,3,38,59	92.0,3,40,60	125.0,3,39,60	109.0,3,39,60	118.0,3,39,60	157.0,3,39,59	228.0,3,38,59	185.0,3,39,59	122.0,3,39,60	47.0,3,40,60	63.0,3,40,60	85.0,3,40,60	24.0,3,40,60	16.0,3,40,60	48.0,3,40,60	49.0,3,40,60	26.0,3,40,60	16.0,3,40,60	0.0,3,40,60	0.0,3,40,60	0.0,3,40,60	0.0,3,40,60	0.0,3,40,60	0.0,3,40,60	0.0,3,40,60	0.0,3,40,60	0.0,3,40,60	0.0,3,40,60	0.0,3,40,60	0.0,3,40,60	0.0,3,40,60	0.0,3,40,60	0.0,3,40,60	0.0,3,40,60	0.0,3,40,60	0.0,3,40,60	0.0,3,40,60	0.0,3,40,60	0.0,3,40,60	0.0,3,40,60	0.0,3,40,60	0.0,3,40,60
269.0,3,38,59	360.0,3,37,58	346.0,3,37,58	539.0,4,35,57	785.0,4,33,55	686.0,4,34,56	780.0,4,33,55	755.0,4,33,55	491.0,3,36,57	379.0,3,37,58	337.0,3,37,58	485.0,3,36,57	304.0,3,37,58	305.0,3,37,58	204.0,3,38,59	563.0,4,35,57	296.0,3,38,59	179.0,3,39,59	146.0,3,39,60	145.0,3,39,60	130.0,3,39,60	112.0,3,39,60	118.0,3,39,60	141.0,3,39,60	199.0,3,39,59	142.0,3,39,60	145.0,3,39,60	109.0,3,39,60	74.0,3,40,60	6.0,3,40,60	19.0,3,40,60	16.0,3,40,60	36.0,3,40,60	43.0,3,40,60	17.0,3,40,60	2.0,3,40,60	0.0,3,40,60	0.0,3,40,60	0.0,3,40,60	0.0,3,40,60	0.0,3,40,60	0.0,3,40,60	0.0,3,40,60	0.0,3,40,60	0.0,3,40,60	0.0,3,40,60	0.0,3,40,60	0.0,3,40,60	0.0,3,40,60	0.0,3,40,60	0.0,3,40,60	0.0,3,40,60	0.0,3,40,60	0.0,3,40,60	0.0,3,40,60	0.0,3,40,60	0.0,3,40,60	0.0,3,40,60	0.0,3,40,60	0.0,3,40,60
319.0,3,37,58	359.0,3,37,58	677.0,4,34,56	420.0,3,36,58	547.0,4,35,57	757.0,4,33,55	694.0,4,34,56	573.0,4,35,57	764.0,4,33,55	373.0,3,37,58	395.0,3,37,58	211.0,3,38,59	469.0,3,36,57	181.0,3,39,59	231.0,3,38,59	507.0,4,35,57	172.0,3,39,59	166.0,3,39,59	239.0,3,38,59	214.0,3,38,59	251.0,3,38,59	225.0,3,38,59	246.0,3,38,59	193.0,3,39,59	188.0,3,39,59	150.0,3,39,59	50.0,3,40,60	57.0,3,40,60	4.0,3,40,60	11.0,3,40,60	33.0,3,40,60	29.0,3,40,60	35.0,3,40,60	50.0,3,40,60	24.0,3,40,60	0.0,3,40,60	0.0,3,40,60	0.0,3,40,60	0.0,3,40,60	0.0,3,40,60	0.0,3,40,60	0.0,3,40,60	0.0,3,40,60	0.0,3,40,60	0.0,3,40,60	0.0,3,40,60	0.0,3,40,60	0.0,3,40,60	0.0,3,40,60	0.0,3,40,60	0.0,3,40,60	0.0,3,40,60	0.0,3,40,60	0.0,3,40,60	0.0,3,40,60	0.0,3,40,60	0.0,3,40,60	0.0,3,40,60	0.0,3,40,60	0.0,3,40,60
314.0,3,37,58	348.0,3,37,58	542.0,4,35,57	750.0,4,33,55	514.0,4,35,57	787.0,4,33,55	784.0,4,33,55	536.0,4,35,57	461.0,3,36,57	424.0,3,36,58	319.0,3,37,58	170.0,3,39,59	196.0,3,39,59	137.0,3,39,60	214.0,3,38,59	426.0,3,36,58	158.0,3,39,59	163.0,3,39,59	218.0,3,38,59	248.0,3,38,59	243.0,3,38,59	180.0,3,39,59	112.0,3,39,60	136.0,3,39,60	121.0,3,39,60	63.0,3,40,60	62.0,3,40,60	1.0,3,40,60	28.0,3,40,60	30.0,3,40,60	56.0,3,40,60	31.0,3,40,60	26.0,3,40,60	31.0,3,40,60	38.0,3,40,60	0.0,3,40,60	0.0,3,40,60	0.0,3,40,60	0.0,3,40,60	0.0,3,40,60	0.0,3,40,60	0.0,3,40,60	0.0,3,40,60	0.0,3,40,60	0.0,3,40,60	0.0,3,40,60	0.0,3,40,60	0.0,3,40,60	0.0,3,40,60	0.0,3,40,60	0.0,3,40,60	0.0,3,40,60	0.0,3,40,60	0.0,3,40,60	0.0,3,40,60	0.0,3,40,60	0.0,3,40,60	0.0,3,40,60	0.0,3,40,60	0.0,3,40,60
377.0,3,37,58	550.0,4,35,57	553.0,4,35,57	709.0,4,33,56	701.0,4,33,56	812.0,4,32,55	864.0,4,32,55	334.0,3,37,58	380.0,3,37,58	363.0,3,37,58	194.0,3,39,59	192.0,3,39,59	257.0,3,38,59	133.0,3,39,60	197.0,3,39,59	493.0,3,36,57	120.0,3,39,60	161.0,3,39,59	214.0,3,38,59	213.0,3,38,59	182.0,3,39,59	146.0,3,39,60	146.0,3,39,60	102.0,3,39,60	84.0,3,40,60	51.0,3,40,60	4.0,3,40,60	9.0,3,40,60	31.0,3,40,60	38.0,3,40,60	33.0,3,40,60	17.0,3,40,60	19.0,3,40,60	19.0,3,40,60	0.0,3,40,60	0.0,3,40,60	0.0,3,40,60	0.0,3,40,60	0.0,3,40,60	0.0,3,40,60	0.0,3,40,60	0.0,3,40,60	0.0,3,40,60	0.0,3,40,60	0.0,3,40,60	0.0,3,40,60	0.0,3,40,60	0.0,3,40,60	0.0,3,40,60	0.0,3,40,60	0.0,3,40,60	0.0,3,40,60	0.0,3,40,60	0.0,3,40,60	0.0,3,40,60	0.0,3,40,60	0.0,3,40,60	0.0,3,40,60	0.0,3,40,60	0.0,3,40,60
351.0,3,37,58	552.0,4,35,57	572.0,4,35,57	799.0,4,33,55	798.0,4,33,55	609.0,4,34,56	720.0,4,33,56	277.0,3,38,59	200.0,3,38,59	189.0,3,39,59	414.0,3,36,58	422.0,3,36,58	150.0,3,39,59	142.0,3,39,60	323.0,3,37,58	326.0,3,37,58	146.0,3,39,60	163.0,3,39,59	246.0,3,38,59	196.0,3,39,59	136.0,3,39,60	169.0,3,39,59	104.0,3,39,60	13.0,3,40,60	44.0,3,40,60	12.0,3,40,60	2.0,3,40,60	5.0,3,40,60	39.0,3,40,60	30.0,3,40,60	31.0,3,40,60	20.0,3,40,60	23.0,3,40,60	0.0,3,40,60	0.0,3,40,60	0.0,3,40,60	0.0,3,40,60	0.0,3,40,60	0.0,3,40,60	0.0,3,40,60	0.0,3,40,60	0.0,3,40,60	0.0,3,40,60	0.0,3,40,60	0.0,3,40,60	0.0,3,40,60	0.0,3,40,60	0.0,3,40,60	0.0,3,40,60	0.0,3,40,60	0.0,3,40,60	0.0,3,40,60	0.0,3,40,60	0.0,3,40,60	0.0,3,40,60	0.0,3,40,60	0.0,3,40,60	0.0,3,40,60	0.0,3,40,60	0.0,3,40,60
522.0,4,35,57	542.0,4,35,57	559.0,4,35,57	742.0,4,33,56	756.0,4,33,55	438.0,3,36,58	382.0,3,37,58	285.0,3,38,59	387.0,3,37,58	328.0,3,37,58	320.0,3,37,58	169.0,3,39,59	161.0,3,39,59	124.0,3,39,60	194.0,3,39,59	117.0,3,39,60	156.0,3,39,59	236.0,3,38,59	191.0,3,39,59	148.0,3,39,60	107.0,3,39,60	73.0,3,40,60	5.0,3,40,60	0.0,3,40,60	19.0,3,40,60	34.0,3,40,60	3.0,3,40,60	1.0,3,40,60	14.0,3,40,60	25.0,3,40,60	27.0,3,40,60	16.0,3,40,60	20.0,3,40,60	2.0,3,40,60	0.0,3,40,60	0.0,3,40,60	0.0,3,40,60	0.0,3,40,60	0.0,3,40,60	0.0,3,40,60	0.0,3,40,60	0.0,3,40,60	0.0,3,40,60	0.0,3,40,60	0.0,3,40,60	0.0,3,40,60	0.0,3,40,60	0.0,3,40,60	0.0,3,40,60	0.0,3,40,60	0.0,3,40,60	0.0,3,40,60	0.0,3,40,60	0.0,3,40,60	0.0,3,40,60	0.0,3,40,60	0.0,3,40,60	0.0,3,40,60	0.0,3,40,60	0.0,3,40,60
426.0,3,36,58	486.0,3,36,57	644.0,4,34,56	746.0,4,33,56	716.0,4,33,56	814.0,4,32,55	364.0,3,37,58	481.0,3,36,57	380.0,3,37,58	362.0,3,37,58	266.0,3,38,59	247.0,3,38,59	162.0,3,39,59	104.0,3,39,60	128.0,3,39,60	94.0,3,40,60	139.0,3,39,60	173.0,3,39,59	165.0,3,39,59	119.0,3,39,60	27.0,3,40,60	11.0,3,40,60	0.0,3,40,60	16.0,3,40,60	20.0,3,40,60	24.0,3,40,60	2.0,3,40,60	0.0,3,40,60	0.0,3,40,60	21.0,3,40,60	20.0,3,40,60	1.0,3,40,60	0.0,3,40,60	0.0,3,40,60	0.0,3,40,60	0.0,3,40,60	0.0,3,40,60	0.0,3,40,60	0.0,3,40,60	0.0,3,40,60	0.0,3,40,60	0.0,3,40,60	0.0,3,40,60	0.0,3,40,60	0.0,3,40,60	0.0,3,40,60	0.0,3,40,60	0.0,3,40,60	0.0,3,40,60	0.0,3,40,60	0.0,3,40,60	0.0,3,40,60	0.0,3,40,60	0.0,3,40,60	0.0,3,40,60	0.0,3,40,60	0.0,3,40,60	0.0,3,40,60	0.0,3,40,60	0.0,3,40,60
526.0,4,35,57	766.0,4,33,55	608.0,4,34,56	975.0,4,31,54	1104.0,5,29,53	469.0,3,36,57	366.0,3,37,58	558.0,4,35,57	457.0,3,36,57	367.0,3,37,58	264.0,3,38,59	206.0,3,38,59	186.0,3,39,59	454.0,3,36,57	131.0,3,39,60	99.0,3,40,60	127.0,3,39,60	159.0,3,39,59	137.0,3,39,60	74.0,3,40,60	14.0,3,40,60	0.0,3,40,60	0.0,3,40,60	8.0,3,40,60	37.0,3,40,60	19.0,3,40,60	16.0,3,40,60	-1.0,3,40,60	0.0,3,40,60	0.0,3,40,60	-1.0,3,40,60	8.0,3,40,60	0.0,3,40,60	0.0,3,40,60	0.0,3,40,60	0.0,3,40,60	0.0,3,40,60	0.0,3,40,60	0.0,3,40,60	0.0,3,40,60	0.0,3,40,60	0.0,3,40,60	0.0,3,40,60	0.0,3,40,60	0.0,3,40,60	0.0,3,40,60	0.0,3,40,60	0.0,3,40,60	0.0,3,40,60	0.0,3,40,60	0.0,3,40,60	0.0,3,40,60	0.0,3,40,60	0.0,3,40,60	0.0,3,40,60	0.0,3,40,60	0.0,3,40,60	0.0,3,40,60	0.0,3,40,60	0.0,3,40,60
612.0,4,34,56	634.0,4,34,56	679.0,4,34,56	1104.0,5,29,53	1188.0,5,29,53	391.0,3,37,58	262.0,3,38,59	600.0,4,34,56	360.0,3,37,58	470.0,3,36,57	257.0,3,38,59	196.0,3,39,59	151.0,3,39,59	151.0,3,39,59	165.0,3,39,59	57.0,3,40,60	81.0,3,40,60	107.0,3,39,60	122.0,3,39,60	61.0,3,40,60	31.0,3,40,60	24.0,3,40,60	0.0,3,40,60	19.0,3,40,60	19.0,3,40,60	18.0,3,40,60	19.0,3,40,60	0.0,3,40,60	0.0,3,40,60	0.0,3,40,60	0.0,3,40,60	-1.0,3,40,60	0.0,3,40,60	0.0,3,40,60	0.0,3,40,60	0.0,3,40,60	0.0,3,40,60	0.0,3,40,60	0.0,3,40,60	0.0,3,40,60	0.0,3,40,60	0.0,3,40,60	0.0,3,40,60	0.0,3,40,60	0.0,3,40,60	0.0,3,40,60	0.0,3,40,60	0.0,3,40,60	0.0,3,40,60	0.0,3,40,60	0.0,3,40,60	0.0,3,40,60	0.0,3,40,60	0.0,3,40,60	0.0,3,40,60	0.0,3,40,60	0.0,3,40,60	0.0,3,40,60	0.0,3,40,60	0.0,3,40,60
592.0,4,35,57	630.0,4,34,56	1064.0,5,30,53	816.0,4,32,55	767.0,4,33,55	368.0,3,37,58	289.0,3,38,59	483.0,3,36,57	809.0,4,32,55	272.0,3,38,59	299.0,3,38,59	163.0,3,39,59	287.0,3,38,59	147.0,3,39,60	123.0,3,39,60	79.0,3,40,60	57.0,3,40,60	83.0,3,40,60	30.0,3,40,60	45.0,3,40,60	30.0,3,40,60	0.0,3,40,60	2.0,3,40,60	15.0,3,40,60	14.0,3,40,60	19.0,3,40,60	17.0,3,40,60	7.0,3,40,60	0.0,3,40,60	0.0,3,40,60	12.0,3,40,60	0.0,3,40,60	0.0,3,40,60	0.0,3,40,60	0.0,3,40,60	0.0,3,40,60	0.0,3,40,60	0.0,3,40,60	0.0,3,40,60	0.0,3,40,60	0.0,3,40,60	0.0,3,40,60	0.0,3,40,60	0.0,3,40,60	0.0,3,40,60	0.0,3,40,60	0.0,3,40,60	0.0,3,40,60	0.0,3,40,60	0.0,3,40,60	0.0,3,40,60	0.0,3,40,60	0.0,3,40,60	0.0,3,40,60	0.0,3,40,60	0.0,3,40,60	0.0,3,40,60	0.0,3,40,60	0.0,3,40,60	0.0,3,40,60
771.0,4,33,55	717.0,4,33,56	882.0,4,32,55	770.0,4,33,55	1100.0,5,29,53	614.0,4,34,56	724.0,4,33,56	849.0,4,32,55	333.0,3,37,58	567.0,4,35,57	238.0,3,38,59	483.0,3,36,57	219.0,3,38,59	186.0,3,39,59	126.0,3,39,60	76.0,3,40,60	129.0,3,39,60	77.0,3,40,60	85.0,3,40,60	15.0,3,40,60	49.0,3,40,60	0.0,3,40,60	0.0,3,40,60	6.0,3,40,60	12.0,3,40,60	15.0,3,40,60	16.0,3,40,60	17.0,3,40,60	1.0,3,40,60	0.0,3,40,60	0.0,3,40,60	0.0,3,40,60	0.0,3,40,60	0.0,3,40,60	0.0,3,40,60	0.0,3,40,60	0.0,3,40,60	0.0,3,40,60	0.0,3,40,60	0.0,3,40,60	0.0,3,40,60	0.0,3,40,60	0.0,3,40,60	0.0,3,40,60	0.0,3,40,60	0.0,3,40,60	0.0,3,40,60	0.0,3,40,60	0.0,3,40,60	0.0,3,40,60	0.0,3,40,60	0.0,3,40,60	0.0,3,40,60	0.0,3,40,60	0.0,3,40,60	0.0,3,40,60	0.0,3,40,60	0.0,3,40,60	0.0,3,40,60	0.0,3,40,60
746.0,4,33,56	1116.0,5,29,53	1147.0,5,29,53	1130.0,5,29,53	842.0,4,32,55	521.0,4,35,57	849.0,4,32,55	525.0,4,35,57	276.0,3,38,59	374.0,3,37,58	742.0,4,33,56	214.0,3,38,59	173.0,3,39,59	162.0,3,39,59	107.0,3,39,60	91.0,3,40,60	99.0,3,40,60	10.0,3,40,60	81.0,3,40,60	59.0,3,40,60	42.0,3,40,60	0.0,3,40,60	0.0,3,40,60	0.0,3,40,60	14.0,3,40,60	8.0,3,40,60	12.0,3,40,60	18.0,3,40,60	7.0,3,40,60	11.0,3,40,60	0.0,3,40,60	0.0,3,40,60	0.0,3,40,60	0.0,3,40,60	0.0,3,40,60	0.0,3,40,60	0.0,3,40,60	0.0,3,40,60	0.0,3,40,60	0.0,3,40,60	0.0,3,40,60	0.0,3,40,60	0.0,3,40,60	0.0,3,40,60	0.0,3,40,60	0.0,3,40,60	0.0,3,40,60	0.0,3,40,60	0.0,3,40,60	0.0,3,40,60	0.0,3,40,60	0.0,3,40,60	0.0,3,40,60	0.0,3,40,60	0.0,3,40,60	0.0,3,40,60	0.0,3,40,60	0.0,3,40,60	0.0,3,40,60	0.0,3,40,60
767.0,4,33,55	1005.0,5,30,54	1159.0,5,29,53	1262.0,5,28,52	673.0,4,34,56	1112.0,5,29,53	540.0,4,35,57	325.0,3,37,58	473.0,3,36,57	263.0,3,38,59	730.0,4,33,56	186.0,3,39,59	154.0,3,39,59	132.0,3,39,60	88.0,3,40,60	115.0,3,39,60	54.0,3,40,60	6.0,3,40,60	68.0,3,40,60	64.0,3,40,60	50.0,3,40,60	0.0,3,40,60	0.0,3,40,60	0.0,3,40,60	11.0,3,40,60	15.0,3,40,60	10.0,3,40,60	14.0,3,40,60	9.0,3,40,60	0.0,3,40,60	0.0,3,40,60	0.0,3,40,60	0.0,3,40,60	0.0,3,40,60	0.0,3,40,60	0.0,3,40,60	0.0,3,40,60	0.0,3,40,60	0.0,3,40,60	0.0,3,40,60	0.0,3,40,60	0.0,3,40,60	0.0,3,40,60	0.0,3,40,60	0.0,3,40,60	0.0,3,40,60	0.0,3,40,60	0.0,3,40,60	0.0,3,40,60	0.0,3,40,60	0.0,3,40,60	0.0,3,40,60	0.0,3,40,60	0.0,3,40,60	0.0,3,40,60	0.0,3,40,60	0.0,3,40,60	0.0,3,40,60	0.0,3,40,60	0.0,3,40,60
1135.0,5,29,53	865.0,4,32,55	1081.0,5,30,53	700.0,4,33,56	586.0,4,35,57	1167.0,5,29,53	457.0,3,36,57	437.0,3,36,58	306.0,3,37,58	698.0,4,34,56	319.0,3,37,58	182.0,3,39,59	122.0,3,39,60	84.0,3,40,60	116.0,3,39,60	102.0,3,39,60	0.0,3,40,60	51.0,3,40,60	53.0,3,40,60	57.0,3,40,60	35.0,3,40,60	0.0,3,40,60	0.0,3,40,60	1.0,3,40,60	3.0,3,40,60	0.0,3,40,60	19.0,3,40,60	19.0,3,40,60	12.0,3,40,60	11.0,3,40,60	0.0,3,40,60	0.0,3,40,60	0.0,3,40,60	0.0,3,40,60	0.0,3,40,60	0.0,3,40,60	0.0,3,40,60	0.0,3,40,60	0.0,3,40,60	0.0,3,40,60	0.0,3,40,60	0.0,3,40,60	0.0,3,40,60	0.0,3,40,60	0.0,3,40,60	0.0,3,40,60	0.0,3,40,60	0.0,3,40,60	0.0,3,40,60	0.0,3,40,60	0.0,3,40,60	0.0,3,40,60	0.0,3,40,60	0.0,3,40,60	0.0,3,40,60	0.0,3,40,60	0.0,3,40,60	0.0,3,40,60	0.0,3,40,60	0.0,3,40,60
1328.0,5,27,52	961.0,4,31,54	887.0,4,32,55	861.0,4,32,55	972.0,4,31,54	559.0,4,35,57	363.0,3,37,58	389.0,3,37,58	312.0,3,37,58	761.0,4,33,55	241.0,3,38,59	141.0,3,39,60	102.0,3,39,60	113.0,3,39,60	49.0,3,40,60	42.0,3,40,60	0.0,3,40,60	0.0,3,40,60	13.0,3,40,60	18.0,3,40,60	36.0,3,40,60	40.0,3,40,60	9.0,3,40,60	0.0,3,40,60	1.0,3,40,60	7.0,3,40,60	7.0,3,40,60	17.0,3,40,60	11.0,3,40,60	0.0,3,40,60	0.0,3,40,60	0.0,3,40,60	0.0,3,40,60	0.0,3,40,60	0.0,3,40,60	0.0,3,40,60	0.0,3,40,60	0.0,3,40,60	0.0,3,40,60	0.0,3,40,60	0.0,3,40,60	0.0,3,40,60	0.0,3,40,60	0.0,3,40,60	0.0,3,40,60	0.0,3,40,60	0.0,3,40,60	0.0,3,40,60	0.0,3,40,60	0.0,3,40,60	0.0,3,40,60	0.0,3,40,60	0.0,3,40,60	0.0,3,40,60	0.0,3,40,60	0.0,3,40,60	0.0,3,40,60	0.0,3,40,60	0.0,3,40,60	0.0,3,40,60
815.0,4,32,55	865.0,4,32,55	675.0,4,34,56	696.0,4,34,56	614.0,4,34,56	466.0,3,36,57	416.0,3,36,58	333.0,3,37,58	686.0,4,34,56	206.0,3,38,59	151.0,3,39,59	124.0,3,39,60	141.0,3,39,60	142.0,3,39,60	88.0,3,40,60	26.0,3,40,60	45.0,3,40,60	27.0,3,40,60	0.0,3,40,60	12.0,3,40,60	40.0,3,40,60	15.0,3,40,60	0.0,3,40,60	0.0,3,40,60	0.0,3,40,60	2.0,3,40,60	17.0,3,40,60	20.0,3,40,60	10.0,3,40,60	0.0,3,40,60	0.0,3,40,60	0.0,3,40,60	0.0,3,40,60	0.0,3,40,60	0.0,3,40,60	0.0,3,40,60	0.0,3,40,60	0.0,3,40,60	0.0,3,40,60	0.0,3,40,60	0.0,3,40,60	0.0,3,40,60	0.0,3,40,60	0.0,3,40,60	0.0,3,40,60	0.0,3,40,60	0.0,3,40,60	0.0,3,40,60	0.0,3,40,60	0.0,3,40,60	0.0,3,40,60	0.0,3,40,60	0.0,3,40,60	0.0,3,40,60	0.0,3,40,60	0.0,3,40,60	0.0,3,40,60	0.0,3,40,60	0.0,3,40,60	0.0,3,40,60
828.0,4,32,55	677.0,4,34,56	733.0,4,33,56	794.0,4,33,55	1288.0,5,28,52	513.0,4,35,57	397.0,3,37,58	448.0,3,36,58	309.0,3,37,58	177.0,3,39,59	170.0,3,39,59	146.0,3,39,60	89.0,3,40,60	130.0,3,39,60	100.0,3,39,60	48.0,3,40,60	72.0,3,40,60	3.0,3,40,60	22.0,3,40,60	32.0,3,40,60	0.0,3,40,60	0.0,3,40,60	0.0,3,40,60	0.0,3,40,60	0.0,3,40,60	4.0,3,40,60	13.0,3,40,60	5.0,3,40,60	0.0,3,40,60	0.0,3,40,60	0.0,3,40,60	0.0,3,40,60	0.0,3,40,60	0.0,3,40,60	0.0,3,40,60	0.0,3,40,60	0.0,3,40,60	0.0,3,40,60	0.0,3,40,60	0.0,3,40,60	0.0,3,40,60	0.0,3,40,60	0.0,3,40,60	0.0,3,40,60	0.0,3,40,60	0.0,3,40,60	0.0,3,40,60	0.0,3,40,60	0.0,3,40,60	0.0,3,40,60	0.0,3,40,60	0.0,3,40,60	0.0,3,40,60	0.0,3,40,60	0.0,3,40,60	0.0,3,40,60	0.0,3,40,60	0.0,3,40,60	0.0,3,40,60	0.0,3,40,60
900.0,4,31,54	609.0,4,34,56	419.0,3,36,58	523.0,4,35,57	757.0,4,33,55	575.0,4,35,57	454.0,3,36,57	602.0,4,34,56	192.0,3,39,59	123.0,3,39,60	149.0,3,39,60	125.0,3,39,60	109.0,3,39,60	94.0,3,40,60	97.0,3,40,60	63.0,3,40,60	61.0,3,40,60	61.0,3,40,60	4.0,3,40,60	53.0,3,40,60	43.0,3,40,60	0.0,3,40,60	0.0,3,40,60	0.0,3,40,60	0.0,3,40,60	13.0,3,40,60	3.0,3,40,60	7.0,3,40,60	0.0,3,40,60	0.0,3,40,60	0.0,3,40,60	0.0,3,40,60	0.0,3,40,60	0.0,3,40,60	0.0,3,40,60	0.0,3,40,60	0.0,3,40,60	0.0,3,40,60	0.0,3,40,60	0.0,3,40,60	0.0,3,40,60	0.0,3,40,60	0.0,3,40,60	0.0,3,40,60	0.0,3,40,60	0.0,3,40,60	0.0,3,40,60	0.0,3,40,60	0.0,3,40,60	0.0,3,40,60	0.0,3,40,60	0.0,3,40,60	0.0,3,40,60	0.0,3,40,60	0.0,3,40,60	0.0,3,40,60	0.0,3,40,60	0.0,3,40,60	0.0,3,40,60	0.0,3,40,60
723.0,4,33,56	1002.0,5,30,54	521.0,4,35,57	506.0,4,35,57	410.0,3,36,58	578.0,4,35,57	666.0,4,34,56	216.0,3,38,59	212.0,3,38,59	144.0,3,39,60	105.0,3,39,60	162.0,3,39,59	93.0,3,40,60	82.0,3,40,60	89.0,3,40,60	77.0,3,40,60	51.0,3,40,60	53.0,3,40,60	35.0,3,40,60	26.0,3,40,60	40.0,3,40,60	33.0,3,40,60	0.0,3,40,60	0.0,3,40,60	0.0,3,40,60	0.0,3,40,60	1.0,3,40,60	1.0,3,40,60	0.0,3,40,60	0.0,3,40,60	0.0,3,40,60	0.0,3,40,60	0.0,3,40,60	0.0,3,40,60	0.0,3,40,60	0.0,3,40,60	0.0,3,40,60	0.0,3,40,60	0.0,3,40,60	0.0,3,40,60	0.0,3,40,60	0.0,3,40,60	0.0,3,40,60	0.0,3,40,60	0.0,3,40,60	0.0,3,40,60	0.0,3,40,60	0.0,3,40,60	0.0,3,40,60	0.0,3,40,60	0.0,3,40,60	0.0,3,40,60	0.0,3,40,60	0.0,3,40,60	0.0,3,40,60	0.0,3,40,60	0.0,3,40,60	0.0,3,40,60	0.0,3,40,60	0.0,3,40,60
381.0,3,37,58	352.0,3,37,58	525.0,4,35,57	408.0,3,36,58	473.0,3,36,57	1142.0,5,29,53	305.0,3,37,58	207.0,3,38,59	187.0,3,39,59	132.0,3,39,60	117.0,3,39,60	114.0,3,39,60	83.0,3,40,60	94.0,3,40,60	97.0,3,40,60	35.0,3,40,60	64.0,3,40,60	16.0,3,40,60	56.0,3,40,60	45.0,3,40,60	9.0,3,40,60	39.0,3,40,60	4.0,3,40,60	0.0,3,40,60	0.0,3,40,60	0.0,3,40,60	15.0,3,40,60	0.0,3,40,60	0.0,3,40,60	0.0,3,40,60	0.0,3,40,60	0.0,3,40,60	0.0,3,40,60	0.0,3,40,60	0.0,3,40,60	0.0,3,40,60	0.0,3,40,60	0.0,3,40,60	0.0,3,40,60	0.0,3,40,60	0.0,3,40,60	0.0,3,40,60	0.0,3,40,60	0.0,3,40,60	0.0,3,40,60	0.0,3,40,60	0.0,3,40,60	0.0,3,40,60	0.0,3,40,60	0.0,3,40,60	0.0,3,40,60	0.0,3,40,60	0.0,3,40,60	0.0,3,40,60	0.0,3,40,60	0.0,3,40,60	0.0,3,40,60	0.0,3,40,60	0.0,3,40,60	0.0,3,40,60
848.0,4,32,55	297.0,3,38,59	605.0,4,34,56	328.0,3,37,58	623.0,4,34,56	328.0,3,37,58	178.0,3,39,59	234.0,3,38,59	148.0,3,39,60	129.0,3,39,60	60.0,3,40,60	80.0,3,40,60	59.0,3,40,60	101.0,3,39,60	93.0,3,40,60	69.0,3,40,60	18.0,3,40,60	47.0,3,40,60	18.0,3,40,60	48.0,3,40,60	11.0,3,40,60	29.0,3,40,60	0.0,3,40,60	0.0,3,40,60	0.0,3,40,60	4.0,3,40,60	0.0,3,40,60	0.0,3,40,60	0.0,3,40,60	0.0,3,40,60	0.0,3,40,60	0.0,3,40,60	0.0,3,40,60	0.0,3,40,60	0.0,3,40,60	0.0,3,40,60	0.0,3,40,60	0.0,3,40,60	0.0,3,40,60	0.0,3,40,60	0.0,3,40,60	0.0,3,40,60	0.0,3,40,60	0.0,3,40,60	0.0,3,40,60	0.0,3,40,60	0.0,3,40,60	0.0,3,40,60	0.0,3,40,60	0.0,3,40,60	0.0,3,40,60	0.0,3,40,60	0.0,3,40,60	0.0,3,40,60	0.0,3,40,60	0.0,3,40,60	0.0,3,40,60	0.0,3,40,60	0.0,3,40,60	0.0,3,40,60
341.0,3,37,58	417.0,3,36,58	658.0,4,34,56	348.0,3,37,58	289.0,3,38,59	472.0,3,36,57	202.0,3,38,59	139.0,3,39,60	164.0,3,39,59	148.0,3,39,60	112.0,3,39,60	116.0,3,39,60	96.0,3,40,60	92.0,3,40,60	37.0,3,40,60	61.0,3,40,60	52.0,3,40,60	41.0,3,40,60	19.0,3,40,60	20.0,3,40,60	15.0,3,40,60	12.0,3,40,60	0.0,3,40,60	0.0,3,40,60	0.0,3,40,60	7.0,3,40,60	0.0,3,40,60	0.0,3,40,60	0.0,3,40,60	0.0,3,40,60	0.0,3,40,60	0.0,3,40,60	0.0,3,40,60	0.0,3,40,60	0.0,3,40,60	0.0,3,40,60	0.0,3,40,60	0.0,3,40,60	0.0,3,40,60	0.0,3,40,60	0.0,3,40,60	0.0,3,40,60	0.0,3,40,60	0.0,3,40,60	0.0,3,40,60	0.0,3,40,60	0.0,3,40,60	0.0,3,40,60	0.0,3,40,60	0.0,3,40,60	0.0,3,40,60	0.0,3,40,60	0.0,3,40,60	0.0,3,40,60	0.0,3,40,60	0.0,3,40,60	0.0,3,40,60	0.0,3,40,60	0.0,3,40,60	0.0,3,40,60
424.0,3,36,58	390.0,3,37,58	631.0,4,34,56	403.0,3,36,58	323.0,3,37,58	232.0,3,38,59	179.0,3,39,59	183.0,3,39,59	170.0,3,39,59	178.0,3,39,59	124.0,3,39,60	106.0,3,39,60	83.0,3,40,60	111.0,3,39,60	78.0,3,40,60	52.0,3,40,60	50.0,3,40,60	37.0,3,40,60	28.0,3,40,60	17.0,3,40,60	33.0,3,40,60	17.0,3,40,60	0.0,3,40,60	0.0,3,40,60	-3.0,3,40,60	0.0,3,40,60	0.0,3,40,60	0.0,3,40,60	0.0,3,40,60	0.0,3,40,60	0.0,3,40,60	0.0,3,40,60	0.0,3,40,60	0.0,3,40,60	0.0,3,40,60	0.0,3,40,60	0.0,3,40,60	0.0,3,40,60	0.0,3,40,60	0.0,3,40,60	0.0,3,40,60	0.0,3,40,60	0.0,3,40,60	0.0,3,40,60	0.0,3,40,60	0.0,3,40,60	0.0,3,40,60	0.0,3,40,60	0.0,3,40,60	0.0,3,40,60	0.0,3,40,60	0.0,3,40,60	0.0,3,40,60	0.0,3,40,60	0.0,3,40,60	0.0,3,40,60	0.0,3,40,60	0.0,3,40,60	0.0,3,40,60	0.0,3,40,60
645.0,4,34,56	401.0,3,36,58	389.0,3,37,58	254.0,3,38,59	241.0,3,38,59	286.0,3,38,59	258.0,3,38,59	233.0,3,38,59	176.0,3,39,59	141.0,3,39,60	109.0,3,39,60	114.0,3,39,60	104.0,3,39,60	72.0,3,40,60	85.0,3,40,60	37.0,3,40,60	1.0,3,40,60	29.0,3,40,60	33.0,3,40,60	31.0,3,40,60	19.0,3,40,60	0.0,3,40,60	1.0,3,40,60	0.0,3,40,60	9.0,3,40,60	0.0,3,40,60	0.0,3,40,60	0.0,3,40,60	0.0,3,40,60	0.0,3,40,60	0.0,3,40,60	0.0,3,40,60	0.0,3,40,60	0.0,3,40,60	0.0,3,40,60	0.0,3,40,60	0.0,3,40,60	0.0,3,40,60	0.0,3,40,60	0.0,3,40,60	0.0,3,40,60	0.0,3,40,60	0.0,3,40,60	0.0,3,40,60	0.0,3,40,60	0.0,3,40,60	0.0,3,40,60	0.0,3,40,60	0.0,3,40,60	0.0,3,40,60	0.0,3,40,60	0.0,3,40,60	0.0,3,40,60	0.0,3,40,60	0.0,3,40,60	0.0,3,40,60	0.0,3,40,60	0.0,3,40,60	0.0,3,40,60	0.0,3,40,60
306.0,3,37,58	323.0,3,37,58	372.0,3,37,58	251.0,3,38,59	181.0,3,39,59	282.0,3,38,59	202.0,3,38,59	212.0,3,38,59	214.0,3,38,59	145.0,3,39,60	118.0,3,39,60	147.0,3,39,60	73.0,3,40,60	91.0,3,40,60	78.0,3,40,60	50.0,3,40,60	30.0,3,40,60	30.0,3,40,60	5.0,3,40,60	12.0,3,40,60	38.0,3,40,60	0.0,3,40,60	0.0,3,40,60	0.0,3,40,60	11.0,3,40,60	0.0,3,40,60	0.0,3,40,60	0.0,3,40,60	0.0,3,40,60	0.0,3,40,60	0.0,3,40,60	0.0,3,40,60	0.0,3,40,60	0.0,3,40,60	0.0,3,40,60	0.0,3,40,60	0.0,3,40,60	0.0,3,40,60	0.0,3,40,60	0.0,3,40,60	0.0,3,40,60	0.0,3,40,60	0.0,3,40,60	0.0,3,40,60	0.0,3,40,60	0.0,3,40,60	0.0,3,40,60	0.0,3,40,60	0.0,3,40,60	0.0,3,40,60	0.0,3,40,60	0.0,3,40,60	0.0,3,40,60	0.0,3,40,60	0.0,3,40,60	0.0,3,40,60	0.0,3,40,60	0.0,3,40,60	0.0,3,40,60	0.0,3,40,60
451.0,3,36,57	302.0,3,37,58	245.0,3,38,59	245.0,3,38,59	237.0,3,38,59	206.0,3,38,59	167.0,3,39,59	214.0,3,38,59	170.0,3,39,59	151.0,3,39,59	168.0,3,39,59	134.0,3,39,60	119.0,3,39,60	116.0,3,39,60	91.0,3,40,60	48.0,3,40,60	39.0,3,40,60	45.0,3,40,60	39.0,3,40,60	24.0,3,40,60	0.0,3,40,60	16.0,3,40,60	0.0,3,40,60	0.0,3,40,60	0.0,3,40,60	0.0,3,40,60	0.0,3,40,60	0.0,3,40,60	0.0,3,40,60	0.0,3,40,60	0.0,3,40,60	0.0,3,40,60	0.0,3,40,60	0.0,3,40,60	0.0,3,40,60	0.0,3,40,60	0.0,3,40,60	0.0,3,40,60	0.0,3,40,60	0.0,3,40,60	0.0,3,40,60	0.0,3,40,60	0.0,3,40,60	0.0,3,40,60	0.0,3,40,60	0.0,3,40,60	0.0,3,40,60	0.0,3,40,60	0.0,3,40,60	0.0,3,40,60	0.0,3,40,60	0.0,3,40,60	0.0,3,40,60	0.0,3,40,60	0.0,3,40,60	0.0,3,40,60	0.0,3,40,60	0.0,3,40,60	0.0,3,40,60	0.0,3,40,60
372.0,3,37,58	305.0,3,37,58	275.0,3,38,59	235.0,3,38,59	249.0,3,38,59	185.0,3,39,59	184.0,3,39,59	143.0,3,39,60	166.0,3,39,59	187.0,3,39,59	146.0,3,39,60	121.0,3,39,60	115.0,3,39,60	103.0,3,39,60	100.0,3,39,60	49.0,3,40,60	33.0,3,40,60	41.0,3,40,60	26.0,3,40,60	32.0,3,40,60	12.0,3,40,60	12.0,3,40,60	0.0,3,40,60	0.0,3,40,60	0.0,3,40,60	0.0,3,40,60	0.0,3,40,60	0.0,3,40,60	0.0,3,40,60	0.0,3,40,60	0.0,3,40,60	0.0,3,40,60	0.0,3,40,60	0.0,3,40,60	0.0,3,40,60	0.0,3,40,60	0.0,3,40,60	0.0,3,40,60	0.0,3,40,60	0.0,3,40,60	0.0,3,40,60	0.0,3,40,60	0.0,3,40,60	0.0,3,40,60	0.0,3,40,60	0.0,3,40,60	0.0,3,40,60	0.0,3,40,60	0.0,3,40,60	0.0,3,40,60	0.0,3,40,60	0.0,3,40,60	0.0,3,40,60	0.0,3,40,60	0.0,3,40,60	0.0,3,40,60	0.0,3,40,60	0.0,3,40,60	0.0,3,40,60	0.0,3,40,60
413.0,3,36,58	311.0,3,37,58	267.0,3,38,59	242.0,3,38,59	209.0,3,38,59	189.0,3,39,59	188.0,3,39,59	134.0,3,39,60	119.0,3,39,60	163.0,3,39,59	114.0,3,39,60	122.0,3,39,60	129.0,3,39,60	93.0,3,40,60	68.0,3,40,60	36.0,3,40,60	37.0,3,40,60	29.0,3,40,60	33.0,3,40,60	33.0,3,40,60	17.0,3,40,60	0.0,3,40,60	3.0,3,40,60	0.0,3,40,60	0.0,3,40,60	0.0,3,40,60	0.0,3,40,60	0.0,3,40,60	0.0,3,40,60	0.0,3,40,60	0.0,3,40,60	0.0,3,40,60	0.0,3,40,60	0.0,3,40,60	0.0,3,40,60	0.0,3,40,60	0.0,3,40,60	0.0,3,40,60	0.0,3,40,60	0.0,3,40,60	0.0,3,40,60	0.0,3,40,60	0.0,3,40,60	0.0,3,40,60	0.0,3,40,60	0.0,3,40,60	0.0,3,40,60	0.0,3,40,60	0.0,3,40,60	0.0,3,40,60	0.0,3,40,60	0.0,3,40,60	0.0,3,40,60	0.0,3,40,60	0.0,3,40,60	0.0,3,40,60	0.0,3,40,60	0.0,3,40,60	0.0,3,40,60	0.0,3,40,60
313.0,3,37,58	339.0,3,37,58	293.0,3,38,59	244.0,3,38,59	233.0,3,38,59	161.0,3,39,59	119.0,3,39,60	160.0,3,39,59	114.0,3,39,60	159.0,3,39,59	135.0,3,39,60	99.0,3,40,60	105.0,3,39,60	105.0,3,39,60	67.0,3,40,60	47.0,3,40,60	32.0,3,40,60	31.0,3,40,60	22.0,3,40,60	22.0,3,40,60	30.0,3,40,60	6.0,3,40,60	12.0,3,40,60	6.0,3,40,60	0.0,3,40,60	0.0,3,40,60	0.0,3,40,60	0.0,3,40,60	0.0,3,40,60	0.0,3,40,60	0.0,3,40,60	0.0,3,40,60	0.0,3,40,60	0.0,3,40,60	0.0,3,40,60	0.0,3,40,60	0.0,3,40,60	0.0,3,40,60	0.0,3,40,60	0.0,3,40,60	0.0,3,40,60	0.0,3,40,60	0.0,3,40,60	0.0,3,40,60	0.0,3,40,60	0.0,3,40,60	0.0,3,40,60	0.0,3,40,60	0.0,3,40,60	0.0,3,40,60	0.0,3,40,60	0.0,3,40,60	0.0,3,40,60	0.0,3,40,60	0.0,3,40,60	0.0,3,40,60	0.0,3,40,60	0.0,3,40,60	0.0,3,40,60	0.0,3,40,60
317.0,3,37,58	284.0,3,38,59	244.0,3,38,59	210.0,3,38,59	237.0,3,38,59	155.0,3,39,59	113.0,3,39,60	114.0,3,39,60	100.0,3,39,60	132.0,3,39,60	93.0,3,40,60	102.0,3,39,60	80.0,3,40,60	88.0,3,40,60	66.0,3,40,60	30.0,3,40,60	41.0,3,40,60	31.0,3,40,60	31.0,3,40,60	26.0,3,40,60	23.0,3,40,60	13.0,3,40,60	10.0,3,40,60	14.0,3,40,60	0.0,3,40,60	0.0,3,40,60	0.0,3,40,60	0.0,3,40,60	0.0,3,40,60	0.0,3,40,60	0.0,3,40,60	0.0,3,40,60	0.0,3,40,60	0.0,3,40,60	0.0,3,40,60	0.0,3,40,60	0.0,3,40,60	0.0,3,40,60	0.0,3,40,60	0.0,3,40,60	0.0,3,40,60	0.0,3,40,60	0.0,3,40,60	0.0,3,40,60	0.0,3,40,60	0.0,3,40,60	0.0,3,40,60	0.0,3,40,60	0.0,3,40,60	0.0,3,40,60	0.0,3,40,60	0.0,3,40,60	0.0,3,40,60	0.0,3,40,60	0.0,3,40,60	0.0,3,40,60	0.0,3,40,60	0.0,3,40,60	0.0,3,40,60	0.0,3,40,60
280.0,3,38,59	289.0,3,38,59	219.0,3,38,59	168.0,3,39,59	160.0,3,39,59	158.0,3,39,59	142.0,3,39,60	130.0,3,39,60	146.0,3,39,60	93.0,3,40,60	93.0,3,40,60	72.0,3,40,60	78.0,3,40,60	89.0,3,40,60	63.0,3,40,60	24.0,3,40,60	22.0,3,40,60	31.0,3,40,60	10.0,3,40,60	16.0,3,40,60	19.0,3,40,60	19.0,3,40,60	23.0,3,40,60	4.0,3,40,60	0.0,3,40,60	0.0,3,40,60	0.0,3,40,60	0.0,3,40,60	0.0,3,40,60	0.0,3,40,60	0.0,3,40,60	0.0,3,40,60	0.0,3,40,60	0.0,3,40,60	0.0,3,40,60	0.0,3,40,60	0.0,3,40,60	0.0,3,40,60	0.0,3,40,60	0.0,3,40,60	0.0,3,40,60	0.0,3,40,60	0.0,3,40,60	0.0,3,40,60	0.0,3,40,60	0.0,3,40,60	0.0,3,40,60	0.0,3,40,60	0.0,3,40,60	0.0,3,40,60	0.0,3,40,60	0.0,3,40,60	0.0,3,40,60	0.0,3,40,60	0.0,3,40,60	0.0,3,40,60	0.0,3,40,60	0.0,3,40,60	0.0,3,40,60	0.0,3,40,60
270.0,3,38,59	196.0,3,39,59	238.0,3,38,59	168.0,3,39,59	149.0,3,39,60	168.0,3,39,59	172.0,3,39,59	192.0,3,39,59	131.0,3,39,60	106.0,3,39,60	139.0,3,39,60	101.0,3,39,60	91.0,3,40,60	74.0,3,40,60	23.0,3,40,60	39.0,3,40,60	23.0,3,40,60	34.0,3,40,60	7.0,3,40,60	12.0,3,40,60	15.0,3,40,60	8.0,3,40,60	8.0,3,40,60	8.0,3,40,60	0.0,3,40,60	0.0,3,40,60	0.0,3,40,60	0.0,3,40,60	0.0,3,40,60	0.0,3,40,60	0.0,3,40,60	0.0,3,40,60	0.0,3,40,60	0.0,3,40,60	0.0,3,40,60	0.0,3,40,60	0.0,3,40,60	0.0,3,40,60	0.0,3,40,60	0.0,3,40,60	0.0,3,40,60	0.0,3,40,60	0.0,3,40,60	0.0,3,40,60	0.0,3,40,60	0.0,3,40,60	0.0,3,40,60	0.0,3,40,60	0.0,3,40,60	0.0,3,40,60	0.0,3,40,60	0.0,3,40,60	0.0,3,40,60	0.0,3,40,60	0.0,3,40,60	0.0,3,40,60	0.0,3,40,60	0.0,3,40,60	0.0,3,40,60	0.0,3,40,60
223.0,3,38,59	242.0,3,38,59	243.0,3,38,59	208.0,3,38,59	187.0,3,39,59	153.0,3,39,59	205.0,3,38,59	171.0,3,39,59	152.0,3,39,59	136.0,3,39,60	142.0,3,39,60	94.0,3,40,60	72.0,3,40,60	78.0,3,40,60	38.0,3,40,60	28.0,3,40,60	25.0,3,40,60	21.0,3,40,60	18.0,3,40,60	11.0,3,40,60	17.0,3,40,60	6.0,3,40,60	19.0,3,40,60	2.0,3,40,60	6.0,3,40,60	0.0,3,40,60	0.0,3,40,60	0.0,3,40,60	0.0,3,40,60	0.0,3,40,60	0.0,3,40,60	0.0,3,40,60	0.0,3,40,60	0.0,3,40,60	0.0,3,40,60	0.0,3,40,60	0.0,3,40,60	0.0,3,40,60	0.0,3,40,60	0.0,3,40,60	0.0,3,40,60	0.0,3,40,60	0.0,3,40,60	0.0,3,40,60	0.0,3,40,60	0.0,3,40,60	0.0,3,40,60	0.0,3,40,60	0.0,3,40,60	0.0,3,40,60	0.0,3,40,60	0.0,3,40,60	0.0,3,40,60	0.0,3,40,60	0.0,3,40,60	0.0,3,40,60	0.0,3,40,60	0.0,3,40,60	0.0,3,40,60	0.0,3,40,60
268.0,3,38,59	242.0,3,38,59	235.0,3,38,59	210.0,3,38,59	215.0,3,38,59	218.0,3,38,59	219.0,3,38,59	157.0,3,39,59	116.0,3,39,60	123.0,3,39,60	129.0,3,39,60	80.0,3,40,60	86.0,3,40,60	55.0,3,40,60	34.0,3,40,60	24.0,3,40,60	33.0,3,40,60	24.0,3,40,60	22.0,3,40,60	18.0,3,40,60	20.0,3,40,60	14.0,3,40,60	11.0,3,40,60	0.0,3,40,60	0.0,3,40,60	0.0,3,40,60	0.0,3,40,60	0.0,3,40,60	0.0,3,40,60	0.0,3,40,60	0.0,3,40,60	0.0,3,40,60	0.0,3,40,60	0.0,3,40,60	0.0,3,40,60	0.0,3,40,60	0.0,3,40,60	0.0,3,40,60	0.0,3,40,60	0.0,3,40,60	0.0,3,40,60	0.0,3,40,60	0.0,3,40,60	0.0,3,40,60	0.0,3,40,60	0.0,3,40,60	0.0,3,40,60	0.0,3,40,60	0.0,3,40,60	0.0,3,40,60	0.0,3,40,60	0.0,3,40,60	0.0,3,40,60	0.0,3,40,60	0.0,3,40,60	0.0,3,40,60	0.0,3,40,60	0.0,3,40,60	0.0,3,40,60	0.0,3,40,60
280.0,3,38,59	279.0,3,38,59	228.0,3,38,59	196.0,3,39,59	174.0,3,39,59	187.0,3,39,59	181.0,3,39,59	78.0,3,40,60	111.0,3,39,60	110.0,3,39,60	73.0,3,40,60	97.0,3,40,60	69.0,3,40,60	45.0,3,40,60	23.0,3,40,60	34.0,3,40,60	13.0,3,40,60	17.0,3,40,60	25.0,3,40,60	27.0,3,40,60	7.0,3,40,60	4.0,3,40,60	2.0,3,40,60	0.0,3,40,60	0.0,3,40,60	0.0,3,40,60	0.0,3,40,60	0.0,3,40,60	0.0,3,40,60	0.0,3,40,60	0.0,3,40,60	0.0,3,40,60	0.0,3,40,60	0.0,3,40,60	0.0,3,40,60	0.0,3,40,60	0.0,3,40,60	0.0,3,40,60	0.0,3,40,60	0.0,3,40,60	0.0,3,40,60	0.0,3,40,60	0.0,3,40,60	0.0,3,40,60	0.0,3,40,60	0.0,3,40,60	0.0,3,40,60	0.0,3,40,60	0.0,3,40,60	0.0,3,40,60	0.0,3,40,60	0.0,3,40,60	0.0,3,40,60	0.0,3,40,60	0.0,3,40,60	0.0,3,40,60	0.0,3,40,60	0.0,3,40,60	0.0,3,40,60	0.0,3,40,60
253.0,3,38,59	256.0,3,38,59	209.0,3,38,59	179.0,3,39,59	181.0,3,39,59	203.0,3,38,59	142.0,3,39,60	103.0,3,39,60	98.0,3,40,60	138.0,3,39,60	69.0,3,40,60	86.0,3,40,60	51.0,3,40,60	38.0,3,40,60	24.0,3,40,60	21.0,3,40,60	26.0,3,40,60	11.0,3,40,60	11.0,3,40,60	11.0,3,40,60	0.0,3,40,60	0.0,3,40,60	0.0,3,40,60	0.0,3,40,60	0.0,3,40,60	0.0,3,40,60	0.0,3,40,60	0.0,3,40,60	0.0,3,40,60	0.0,3,40,60	0.0,3,40,60	0.0,3,40,60	0.0,3,40,60	0.0,3,40,60	0.0,3,40,60	0.0,3,40,60	0.0,3,40,60	0.0,3,40,60	0.0,3,40,60	0.0,3,40,60	0.0,3,40,60	0.0,3,40,60	0.0,3,40,60	0.0,3,40,60	0.0,3,40,60	0.0,3,40,60	0.0,3,40,60	0.0,3,40,60	0.0,3,40,60	0.0,3,40,60	0.0,3,40,60	0.0,3,40,60	0.0,3,40,60	0.0,3,40,60	0.0,3,40,60	0.0,3,40,60	0.0,3,40,60	0.0,3,40,60	0.0,3,40,60	0.0,3,40,60
-data:
